PLAYER,TEAM,SP,GP,MPG,EWA,PER,WS,OWS,DWS,EFF,GmSc,TS%,EFG%,PPWS,FTR,REB%,OREB%,DREB%,AR,pAST%,hAST%,TOR,hTO%,AST/TO,STL/TO,PPR,USG%,STL%,BLK%,aSP,ORtg,DRtg,Floor%,Stop%,FFI,PIE,AV,DRE/100,DRE/75,POS
J. Estrada,CSJL,91.66666666666667,3.0,36.87222222223333,0.7366959143537921,24.206398564267072,0.39577442193300394,0.25761932096764073,0.1381551009653632,23.0,15.500000000000005,55.041480536056156,46.22641509433962,1.100829610721123,0.41509433962264153,13.661831419241578,3.284966940091725,22.002115019305947,7.694257939250441,34.63069537857579,16.54944145635085,8.656040181656747,18.6181216383947,0.8888888888888888,0.2222222222222222,-6.60411716904963,33.76392826487666,,39.23710511776227,88.0,96.1431192401608,95.28298639013428,43.87662329973095,0.6251996854061099,48.20996447467962,4.007820136852395,1.140033263767942,8.289096141135582,6.216822105851687,69.31575956307094
R. Are,SSCR,76.5,12.0,29.63055555555,2.701600295796641,26.09200692196194,1.5189464495769727,1.4221139638583087,0.09683248571866387,16.833333333333332,13.775,49.97249220612507,41.42857142857143,0.9994498441225014,0.56,9.21106570449432,7.814608956122189,10.99766932861589,7.435091204414499,28.230873745974595,17.81472684085511,4.268293098830546,10.22697281604645,1.7419354838709677,1.0,1.3101892489510332,28.9597470766245,,6.601654385324597,74.6341463414634,106.31638433764998,103.08544706381151,49.56785569941403,0.5677841214434779,50.46727708794538,8.290888511601585,2.5514921255871177,8.379086460236573,6.28431484517743,60.52380362635197
S. Estrada,CSJL,75.0909090909091,11.0,32.61363636363637,1.5067131646613126,19.26179361942645,0.9446640353763083,0.6435760902896098,0.3010879450866985,18.0,10.654545454545454,54.38980432543769,48.89705882352941,1.0877960865087537,0.3235294117647059,12.33654083395016,5.739675336952705,17.638694410976154,8.748375745140576,37.23948142444173,22.1504730440006,7.710432860123897,19.522450818441207,1.1346153846153846,0.1346153846153846,-3.5172589478150824,26.757203463447464,,66.54084397986836,72.08727272727273,95.38730790229704,98.54151439515958,45.72826448415601,0.5502720195968918,48.632091558241925,9.514499837080482,2.513504099891292,3.6661817162134462,2.749636287160085,61.31008223573022
A. Liwag,CSB,73.42857142857143,14.0,31.04285714285,2.623144327425228,22.95189162017009,2.4023708968791078,1.3906431915752804,1.0117277053038274,18.5,11.9,53.60300618921309,53.47222222222222,1.0720601237842617,0.5833333333333334,18.123248127854232,11.58799948990891,23.529483712068135,3.7479246455473008,12.548379078937142,12.812035047115225,3.6270238505296457,12.398743593982477,1.0333333333333334,0.26666666666666666,-2.1625913256823734,20.97177088215571,,77.210607419027,72.14035087719299,108.553558681915,87.1241245707404,55.64210188726476,0.6320820408072897,56.54973282423826,14.275335997094079,3.0743657153516017,10.633106738472579,7.9748300538544346,59.0803157399758
C. Escamis,MU,72.07142857142857,14.0,32.69285714285,1.6242197507934457,17.952798119063882,1.6663465655528142,1.092462144217236,0.5738844213355783,11.857142857142858,9.721428571428572,45.47751389590702,40.144230769230774,0.9095502779181405,0.32211538461538464,6.256385751114761,2.999556906842871,9.805068911370281,6.488176635179286,24.037110137680823,17.10028093318676,3.9392500999302813,10.382313423720532,1.6470588235294117,0.7941176470588235,0.7467037186276824,26.05777869735888,,26.55836993845055,71.43362831858407,99.8101368617673,95.55752004237777,43.743822684034946,0.5527604194070186,45.50452193330908,10.090658257784785,2.2022254198035585,4.005522234683394,3.0041416760125452,61.650602702641564
B. Valencia,AU,68.33333333333333,3.0,28.933333333333334,0.5457612663614431,23.458020108139408,0.3895549922269899,0.3240537002652756,0.06550129196171435,15.666666666666666,11.833333333333337,54.91329479768786,50.0,1.0982658959537572,0.5357142857142857,8.98676441123434,5.586367066442968,12.918473841149364,7.480259855241986,26.741394194453438,24.714828897338403,2.8770230212469174,9.505703422053232,2.6,1.0,4.048195991619128,19.451934106549054,,25.648356823303846,67.21311475409836,113.5023656999504,99.35882089017316,54.6249195938886,0.52872323856215,53.43373194369115,2.4327784891165174,0.8547795013692765,8.739046346492254,6.554284759869191,57.93025131736082
J. Barba,LPU,68.13333333333334,15.0,26.447777777786666,2.8888983871145135,25.456858609666565,1.6417037430327988,1.437387253658389,0.20431648937440974,16.133333333333333,11.753333333333332,55.4520826278361,50.97560975609756,1.109041652556722,0.3463414634146341,12.322400728039247,5.6059110196174915,19.085858895960452,5.910737236248352,24.986387049452215,14.143401795597097,5.525254373014763,13.221006026319026,1.069767441860465,0.3953488372093023,-3.04075239955526,30.933213316068883,,0.0,67.01639344262296,103.53874849987155,101.21883838772189,46.46350458545827,0.5615825333791034,50.32523446432834,11.189801699716714,2.9217444634729564,10.037175181440041,7.527881386080031,51.88298082107155
W. Ynot,CSB,67.8,10.0,22.89500000001,1.5703104859192207,24.60608463287292,1.4266739014356213,0.8864186190081017,0.5402552824275197,13.8,9.41,50.70710829921846,48.0,1.0141421659843692,0.17,13.127121840809053,8.998650202465699,16.542369142960197,9.86839867713223,32.89767293590728,24.786718930136036,5.278445804047472,13.258012451002996,1.8695652173913044,0.6521739130434783,2.4923809366355503,24.62226548744079,,0.0,66.61052631578947,108.9935751292166,86.87730957059759,47.14076856035469,0.637878897642949,47.23011858948127,8.281874318924809,1.9172997695449094,11.509492588410657,8.632119441307992,43.5734321310333
P. Are,SSCR,66.5,2.0,21.25833333335,0.6265359353708566,40.439848610609985,0.3797019739505544,0.3584032425782669,0.02129873137228751,18.0,15.100000000000001,61.243718592964825,57.407407407407405,1.2248743718592965,0.4074074074074074,3.6681950260307055,2.1784511625473515,5.57414863942752,9.211797015248914,47.72104527187827,18.674136321195142,3.454423880718343,7.002801120448179,2.6666666666666665,1.6666666666666667,5.113316139021542,33.87085407834733,,0.0,64.8780487804878,124.70782967149829,101.2961747663888,57.624356682109244,0.6097007183838322,53.64615833640396,1.55631013016412,0.6998542122237652,17.801846362425575,13.35138477181918,43.422580777437105
K. Gurtiza,EAC,62.214285714285715,14.0,28.05833333332857,1.3298679425256064,17.624789081786048,1.078945759617506,0.7103071282149729,0.3686386314025331,9.928571428571429,8.85,42.5183335933843,38.05309734513274,0.850366671867686,0.3053097345132743,7.197749836791408,5.743747127156706,8.709610785736832,5.141401288528487,21.24915575349592,12.64382349222405,2.5707006442642437,6.321911746112025,2.0,0.7,1.6567812955019696,29.470409363652802,,48.1046826006296,61.663716814159294,94.98821300774331,97.98724975539136,41.04789926982561,0.47533766093703506,45.30695922011749,7.766990291262136,1.9277104668672498,1.705648817893638,1.2792366134202284,55.57128683026015
T. Ongotan,AU,62.0,3.0,26.599999999999998,0.43022091428375464,21.656391450004346,0.2444533738654528,0.1346368643253477,0.1098165095401051,13.0,9.866666666666667,49.37629937629937,48.38709677419355,0.9875259875259874,0.5483870967741935,13.033436105181966,9.722238824406007,16.86200796107917,2.503514769365739,9.605013502129637,8.25082508250825,3.7552721540486083,12.376237623762375,0.6666666666666666,1.1666666666666667,-4.003000821058787,23.7656236938139,,27.898212684997166,60.98360655737705,96.20583653461574,94.53401735768009,49.9387209612023,0.6396700892997529,53.58627488765938,1.7605633802816902,0.7431545832141785,8.37438331513577,6.280787486351827,53.25845685628334
T. Felebrico,SSCR,60.86666666666667,15.0,30.901111111106665,2.2493831463751577,20.574255778392832,1.567386724635808,1.51458496881119,0.05280175582461788,17.266666666666666,11.213333333333335,55.34269902085993,50.63291139240506,1.1068539804171986,0.43037974683544306,14.580364082361793,6.793922661269185,24.542208212622857,3.5910970583642294,13.057331635514904,13.659006909850554,2.851753546348064,10.846858428410734,1.2592592592592593,0.6296296296296297,-0.8710474432959656,19.165435265000465,,0.0,59.38211382113821,111.5151806298978,104.32529934152575,52.98170281039184,0.5387385769137906,52.35470690516049,11.205432937181664,3.0743657153516017,9.80795925237268,7.35596943927951,63.11905887888059
J. Guiab,JRU,59.93333333333333,15.0,26.567777777766665,3.8265339561381313,30.119903605472448,2.5036056319373543,2.536981598492643,-0.03337596655528869,18.333333333333332,13.939999999999998,64.80291345329906,59.12162162162162,1.2960582690659812,0.5945945945945946,12.699389727696294,10.27148326150357,15.351044436851879,4.8886884293739,21.031916856294835,15.339899886969159,2.958942996726308,9.28467624737607,1.6521739130434783,0.4782608695652174,0.5855728061071942,22.358162183716512,,5.510919488958821,59.93333333333333,128.4520925160209,105.85634450852008,62.27587084846537,0.4667707458133111,58.8821284706867,15.026773761713521,3.215734800953745,10.626144622464544,7.969608466848408,51.82030661049471
M. Gojo Cruz,UPHSD,58.53333333333333,15.0,28.7511111111,2.122926068644283,20.714299114183007,1.8872573061326896,1.0693339664408634,0.8179233396918262,14.0,9.993333333333334,52.21653878942881,48.80239520958084,1.0443307757885762,0.281437125748503,10.44221296579097,4.092884267647607,16.179066226814395,5.150510206563911,21.762301843138086,15.644555694618273,3.605357144594737,10.95118898623279,1.4285714285714286,0.6071428571428571,-0.3241036412720639,23.219042174235458,,75.79748325190975,56.645161290322584,102.69094298058612,90.25275879107113,44.95875374336519,0.6095453446365431,48.659752537440724,13.368983957219251,2.6269098944241582,9.149414359107048,6.862060769330286,51.77480598462294
M. Cuenco,MU,58.142857142857146,14.0,27.17857142857857,1.8581986794602385,20.635977255490403,1.9530165716142656,1.662950343333969,0.2900662282802965,12.0,9.1,57.202288091523656,56.15942028985508,1.1440457618304731,0.2608695652173913,6.8021199150581655,4.440787453791801,9.37505854393292,6.132161236178231,23.052243096373747,20.291459140380002,2.647978715622418,8.76222099243682,2.3157894736842106,0.5789473684210527,2.784429711560444,19.955842141413033,,6.389364478750574,57.6283185840708,119.69530267979147,99.34404299560588,50.19219704067853,0.4641905391969989,51.60297440605566,9.735908553409539,2.222095227209433,5.7282274822181085,4.296170611663581,51.25203043121347
C. Hubilla,MU,57.07142857142857,14.0,25.359523809521427,1.5588857612668916,19.645538578950557,1.429764907902392,0.9986007374113657,0.4311641704910264,12.428571428571429,8.157142857142858,54.529201430274135,50.36496350364964,1.0905840286054826,0.5109489051094891,13.339219171141321,7.733905903268113,19.446841570962434,3.2860116660876666,13.094208069039695,9.830205540661305,5.078381665771849,15.19213583556747,0.6470588235294118,0.2647058823529412,-5.583263056122192,24.97080224207058,,20.543027563129417,56.56637168141592,102.79318749019595,95.86113465364465,50.689018977145174,0.5456586244140702,53.08740474231286,8.947575877020103,2.2813537954466505,5.085178156281394,3.8138836172110455,47.82175874924747
J. Sanchez,CSB,56.57142857142857,14.0,23.539285714278574,1.646495186476242,20.862346608460783,1.630716299160575,0.924789534333087,0.7059267648274882,12.5,8.221428571428572,56.50849631292081,51.48514851485149,1.1301699262584162,0.5346534653465347,13.050854470976773,11.114096805980125,14.653022771920845,4.942643152647479,15.920532486406744,16.166040884438882,5.739843661139007,18.773466833541928,0.8611111111111112,0.4166666666666667,-4.685356736081117,21.07567006250435,,54.30553580630006,55.57894736842105,104.94557077672633,88.56860780004988,51.53787618890794,0.5981559727928958,54.40171983204989,8.93570650199782,2.291180169600942,5.984731440088836,4.4885485800666265,44.79962736334007
J. Abis,UPHSD,56.333333333333336,3.0,31.144444444433333,0.20730230519591777,15.279625045778916,0.23152701858943883,0.09882552542025622,0.13270149316918262,13.333333333333334,7.900000000000002,43.75,43.75,0.875,0.0,11.209032793053916,9.445903791441877,12.802085042098879,7.726408434559265,32.056806039104,25.49019607843137,3.566034662104276,11.76470588235294,2.1666666666666665,0.5,2.9919749630951418,18.882612079717006,,0.0,54.51612903225807,93.72696426001811,94.01067195795534,45.52399687976958,0.5254755814190465,43.49767209276231,2.2154316271963332,0.7574006940638578,2.7201553191301646,2.0401164893476236,56.084704426844326
V. Cunanan,LPU,55.07142857142857,14.0,27.37261904760714,0.8281069106810849,15.16348251329458,0.7867867897591578,0.5517907401014421,0.23499604965771564,11.214285714285714,7.192857142857142,41.99604743083004,36.36363636363637,0.8399209486166007,0.3409090909090909,8.319453686180793,3.8689311239669477,12.801098783794737,9.444483830477223,29.990862862275847,36.94068678459938,2.660417980416119,10.405827263267431,3.55,1.35,6.976365789431698,13.899080948752063,,12.514062934663983,54.16861826697892,99.4636115138935,100.4565162093909,45.69449069122432,0.5791830216895153,44.76777263878027,6.685552407932011,2.112056075281699,7.380404342161999,5.535303256621499,53.6972550586951
Y. Andrada,SBU,54.714285714285715,14.0,29.716666666657144,1.9650144128067035,20.31365989041601,1.9417392381189575,1.273287017832271,0.6684522202866866,12.928571428571429,9.042857142857141,54.55635491606714,53.79746835443038,1.0911270983213428,0.12658227848101267,10.877781865490064,6.028363111932066,15.22313917154562,2.479607098038259,9.991106032970515,8.746355685131196,2.8928749477113023,10.20408163265306,0.8571428571428571,0.38095238095238093,-2.3760818590409616,21.9136657932023,,50.65000094044754,53.75438596491228,108.28142671808966,92.72944440441879,44.88783624814307,0.5653992807305759,48.90017540444593,12.5,2.349847272752326,7.0199357142503125,5.264951785687734,51.851532717884155
J. Ongotan,AU,54.666666666666664,12.0,24.087499999991667,1.5203521243214835,21.392246219986987,0.9026058743529091,0.5877274620004372,0.3148784123524718,12.0,8.874999999999998,44.92533535813718,39.64285714285714,0.8985067071627436,0.29285714285714287,11.514334003876208,9.729806732160597,13.577693661797383,4.492555304862335,17.08524254096919,12.86873886359137,3.110230595673924,8.909126905563255,1.4444444444444444,1.2222222222222223,-0.2210271340741064,25.9672354119162,,38.51024688226161,53.77049180327869,97.3979003813547,96.76033352974119,46.833284636269354,0.5884757212031221,46.41840369751364,6.338028169014085,1.979486637221574,5.78380281877003,4.337852114077522,48.22793532049929
M. Guadana,LPU,53.9,10.0,25.57166666667,1.1503845346666197,19.862323853273562,0.6583109960707364,0.5664559561365282,0.09185503993420814,11.0,8.940000000000001,47.962522308149914,42.672413793103445,0.9592504461629983,0.3620689655172414,8.311681705283489,4.141410849681183,12.511115294141753,4.784278742645369,18.00114720425518,13.834447774959651,2.9901742141533556,8.646529859349782,1.6,0.9333333333333333,0.3824916866744166,25.68927855355448,,18.75355856459403,53.01639344262295,98.8890582900401,102.42838871679527,45.4501249203602,0.5336564451281756,47.580738616397895,5.269121813031162,1.6174289758856157,6.240649185873264,4.680486889404948,50.164301227001026
J. Capulong,AU,53.333333333333336,3.0,28.6611111111,-0.02409088779583427,10.256836389188072,-0.015102350274908666,-0.17886228091263814,0.16375993063772948,8.666666666666666,4.8999999999999995,38.588754134509365,33.87096774193548,0.7717750826901874,0.3870967741935484,11.49135248460044,2.255770473506203,22.169994184928154,0.5808697768815566,1.9594752675147895,2.208480565371025,4.646958215052454,17.6678445229682,0.125,1.0,-8.173291228672454,21.957387368437246,,103.5678560463797,52.459016393442624,69.87230138199985,90.43206040958584,34.89807290445086,0.7339950088923077,43.64425325061554,0.8962868117797695,0.5482904938570397,4.565873345445653,3.42440500908424,57.38520863021287
J. Puno,SBU,53.285714285714285,14.0,25.760714285714283,2.316999890617269,23.733267101457677,2.1692092611744194,1.44982177144122,0.7193874897331995,13.428571428571429,9.349999999999998,56.68257756563245,51.20967741935484,1.133651551312649,0.49193548387096775,14.49022021518069,7.586302509358103,20.67652640319376,2.065836326785859,8.118679536764141,7.110041566396849,3.0192992468408706,10.391599212426165,0.6842105263157895,0.47368421052631576,-3.1470346174109602,22.861336653958652,,21.910531739135006,52.35087719298245,113.6225361789645,89.71416292971962,51.536212817792105,0.6333301411562189,53.625338915967845,13.142123287671232,2.417681527349885,11.815684577839715,8.861763433379785,44.94893504056785
R. Escobido,SSCR,52.6,15.0,24.065555555560003,0.8710830241718411,15.670298384740969,0.20686314995744,0.19533982260181137,0.011523327355628638,8.733333333333333,6.466666666666669,39.827909354234116,36.486486486486484,0.7965581870846823,0.13063063063063063,8.064756277435961,4.87498727538533,12.145693883142357,5.831696119363223,22.727354111708735,14.109463184144902,3.6617626796001637,8.859430371439823,1.5925925925925926,0.8518518518518519,0.43017648455778135,29.972525668879264,,19.50778355276733,51.31707317073171,88.14799049986749,104.96702108259255,39.20126522743173,0.5237052074222351,41.61361083923108,4.753820033955857,1.8438864675725208,1.1023640031763102,0.8267730023822326,49.15665370745835
M. Raymundo,JRU,52.0,15.0,24.727777777786667,1.4617869714385583,18.741433779169927,0.7919565279028801,0.6350653842574147,0.15689114364546544,11.666666666666666,8.013333333333332,44.44700992842299,39.21568627450981,0.8889401985684598,0.3006535947712418,12.279918984535565,9.583709629728967,15.224602534785124,6.220014788586928,23.900855709637582,18.27485380116959,3.8702314240096447,11.371020142949966,1.6071428571428572,0.7142857142857143,0.5392675045794488,23.050518697115347,,53.288895219210374,52.0,96.34336269177484,101.98713390969212,46.96950197123347,0.5575311116763841,46.145262501315926,8.165997322623829,2.291180169600942,3.5886576819845515,2.6914932614884135,48.23139657971045
R. Villegas,LPU,51.666666666666664,15.0,23.554444444453335,2.622790337532719,25.740916774674584,1.777001715064643,1.713185335339927,0.06381637972471611,12.733333333333333,10.653333333333334,61.48564294631711,55.51470588235294,1.2297128589263422,0.40441176470588236,5.865275677816394,4.496084720975708,7.244041396593028,4.616896315762678,17.777300154494913,15.080113100848259,2.885560197351674,9.42507068803016,1.6,1.1,0.36910986044273275,22.41395602579262,,6.786542975057673,50.819672131147534,119.41864814670092,103.81472303671654,52.540415136134456,0.5016487695211005,53.44988571838664,9.34844192634561,2.4465592098440516,8.132826624991868,6.099619968743901,46.20708777994123
B. Sajonia,SBU,51.30769230769231,13.0,21.937179487184615,1.4777983974193896,21.23566750796194,1.3668188672108914,0.7632500916019408,0.6035687756089506,9.692307692307692,7.084615384615384,49.2880613362541,42.14876033057851,0.985761226725082,0.47107438016528924,10.012462826119416,3.99742855472994,15.402278481486329,5.626941300506848,22.028276061955687,14.064697609001406,5.024054732595401,12.557765722322683,1.12,0.56,-2.4392438737515705,29.122099081181368,,46.18101380233295,50.40755735492577,99.83756468394883,88.76810856558512,44.40078823981643,0.6546436694302263,48.46909186250788,7.919520547945205,1.7908475376058937,8.188728962863417,6.141546722147563,38.27738799500442
A. Royo,SBU,51.0,1.0,20.65,0.15135713785102978,25.5525833937322,0.14686546941491865,0.10456852518743842,0.04229694422748024,10.0,7.999999999999998,58.333333333333336,58.333333333333336,1.1666666666666667,0.0,2.6089702806245056,0.0,4.94675727043141,8.326063005274575,32.19732630389757,33.33333333333333,0.0,0.0,inf,inf,10.63792581209963,14.105184422399299,,0.0,50.10526315789473,141.16123594018026,89.29773283469451,60.345247511538744,0.6427118373260633,48.333333333333336,0.7705479452054794,0.2677815834239758,13.435278322236332,10.07645874167725,36.03143524255695
L. Capulong,AU,51.0,12.0,24.379166666675,1.6069157284527245,21.8605079958601,1.1300806270831392,0.845119549487404,0.2849610775957353,12.5,9.058333333333332,50.0516662361147,48.046875,1.001033324722294,0.4765625,12.620892545669927,6.629932132860486,19.54794052298084,1.8779569855994653,7.349868529360116,6.255686988171065,1.7072336232722414,5.686988171064604,1.1,1.1,-0.8735312678732033,24.024249658871113,,83.70894238551406,50.16393442622951,104.75437518146025,97.65536710576205,52.05903790016374,0.567894332573476,52.266365520754036,6.370038412291933,2.0410288783562853,8.283281655230848,6.212461241423136,48.81190962816734
J. Recto,MU,50.875,8.0,20.960416666675,0.3351164763136323,14.837000998251465,0.36346948813925295,-0.020082786967563826,0.3835522751068168,10.125,4.9624999999999995,47.559224694903094,45.0,0.9511844938980618,0.26,15.763491822682349,7.557636733678548,24.704698487890163,6.324928889317443,22.222848628301804,20.25931928687196,7.2736682227150595,23.298217179902757,0.8695652173913043,0.5217391304347826,-5.910678343179429,20.624130598810517,,72.4923919341298,50.424778761061944,84.40658127605175,87.5955346821964,39.668172437136924,0.7389977929277579,46.593110291056945,3.665746945210879,1.2857142857142858,7.159087937104276,5.369315952828208,39.52613608387601
S. Orgo,UPHSD,50.5,12.0,28.406944444441667,0.38923954338879746,13.115129757624484,0.7619401935598444,0.1505568164655649,0.6113833770942795,10.0,6.191666666666666,47.19574780058651,43.43434343434344,0.9439149560117301,0.23232323232323232,8.909682184997191,3.5599368259112594,13.743374937097341,6.841946521794346,25.604778509819347,23.061717548868877,5.0500081470386835,17.021743905117503,1.3548387096774193,0.5806451612903226,-0.9225853468193128,19.084231595724628,,0.0,48.87096774193549,88.80311753153536,91.06570824382221,38.10742291527858,0.5913585305816449,45.308071187008444,6.990068754774637,1.7265002270610104,5.058654437710066,3.7939908282825496,51.15503298441599
H. Pagsanjan,EAC,50.5,14.0,24.388095238107145,1.4639775512790494,19.438358522120822,1.5224069204807584,1.0039877040037968,0.5184192164769615,12.285714285714286,8.357142857142856,53.444989106753816,50.403225806451616,1.0688997821350763,0.41935483870967744,10.386289997831224,4.680766524857922,16.318849871978202,3.4012091187795432,13.88943319995807,12.508157494017839,2.070301202735374,7.613661083315206,1.6428571428571428,0.9285714285714286,0.38122306310319476,19.737722107232774,,34.59006346448469,50.05309734513274,108.72505244897911,93.51973604083332,52.090593592770404,0.5779172186116472,51.870190907513546,9.398058252427184,2.2616585592121985,8.71539582801514,6.536546871011355,48.3021503672391
W. Oftana,EAC,49.5,14.0,21.11785714285714,1.4654571538998857,20.78302682001952,1.4143548352318116,0.6075144833339634,0.8068403518978483,12.142857142857142,7.571428571428574,49.12483487450462,48.1981981981982,0.9824966974900924,0.2072072072072072,14.426027841932507,6.359545635789948,22.813494634132642,2.5616794979136515,9.893708301959482,10.265535176567205,1.7077863319424342,6.8436901177114695,1.5,2.4,0.0,18.577700099445117,,103.86105780189561,49.06194690265487,102.89577529467977,84.19294332508458,43.2488928147471,0.7920717422310449,48.23234993155977,8.815533980582524,2.241905984630134,15.351449166402146,11.513586874801609,41.82523896143884
L. Mangubat,MU,48.214285714285715,14.0,27.014285714285712,0.20754681954742335,11.923038358779273,0.879245991609958,0.5366846274789987,0.3425613641309593,7.571428571428571,5.157142857142858,45.37267941257966,43.38235294117647,0.9074535882515932,0.13970588235294118,8.008335369241601,4.747030943426067,11.561895181484598,3.785801070855585,13.084671678097347,13.963591228796027,3.0847267984749207,11.377741001241207,1.2272727272727273,0.5909090909090909,-1.0843985997328884,19.324481518182605,,0.0,47.78761061946903,97.13429131175896,98.23902327669761,38.59664935307967,0.49003785752633233,44.62675390083119,5.321245565628695,1.573113667174674,1.637516143094157,1.2281371073206178,50.942228407568564
S. Argente,JRU,47.266666666666666,15.0,22.662222222213334,1.7024253713493207,20.886312011414425,1.319815855538268,1.4358143177646223,-0.11599846222635429,9.466666666666667,8.26,50.31779661016949,42.61363636363637,1.0063559322033897,0.4090909090909091,5.95518940535278,1.9013127155928833,10.382658652796431,5.278731144672937,20.880286358223984,13.478126925446704,2.5639551274125694,6.546518792359827,2.0588235294117645,0.5294117647058824,1.8633275149871578,28.081053987902294,,0.0,47.266666666666666,109.69489564643891,107.82242397081322,46.242590484552764,0.42065227106095426,47.921091943083624,7.6305220883534135,1.9588309779451285,5.48146236712328,4.11109677534246,44.202541659808354
C. Pagaran,UPHSD,46.86666666666667,15.0,25.15555555556,0.7686078045574379,14.91426242180259,0.8748001663749378,0.2789720956294066,0.5958280707455312,8.733333333333333,6.36,43.58080393765382,40.96045197740113,0.8716160787530763,0.23163841807909605,8.881673192625687,2.9236824566472457,14.264938134136756,3.82634679188305,16.633189334943445,10.742026111386547,3.090510870367079,8.676251859196828,1.2380952380952381,0.47619047619047616,-1.0186789315046747,26.58210162939552,,79.41214827325692,45.35483870967742,89.94432730919814,92.75795935767162,41.27881708894382,0.5535005109500145,44.67086583588458,7.677616501145913,1.8438864675725208,3.403552311883374,2.5526642339125307,45.29995391453561
K. Santos,CSJL,46.285714285714285,14.0,24.27380952380714,1.175189279177968,17.77084978268155,0.7701334794840492,0.33580427361942455,0.43432920586462465,12.285714285714286,7.364285714285714,51.111908177905306,45.36082474226804,1.0222381635581061,0.3402061855670103,14.611449786166041,8.910546665603027,19.193484069983043,2.5045017137236676,9.433977097449427,10.222335803731154,4.539409356124147,18.527983644262715,0.5517241379310345,0.27586206896551724,-5.374144881191749,19.14166945173695,,204.3485368644961,44.434285714285714,93.33569540663183,95.05143992478284,44.8300693759092,0.630523941066458,48.894679674501944,8.113391984359726,2.2616585592121985,4.193774782683608,3.145331087012706,45.63211662402716
N. Aguilar,SSCR,46.0,3.0,24.911111111133334,0.4201927644195019,22.12134865944396,0.20591202189833227,0.23108361671204822,-0.02517159481371595,12.333333333333334,9.533333333333331,67.15506715506716,67.74193548387096,1.3431013431013432,0.12903225806451613,7.6518897283256395,3.71803897122504,12.684793201764556,1.310174742746289,5.394421378859715,4.789272030651341,4.585611599612012,16.762452107279692,0.2857142857142857,0.42857142857142855,-7.06477574235132,21.990709014455163,,0.0,44.8780487804878,108.82349222270324,107.85296987305735,45.530395073081905,0.45609719023297857,53.629462958858134,1.7826825127334465,0.7143844592397374,5.359462492253353,4.019596869190015,50.88379778022972
M. Vinoya,AU,45.6,15.0,24.97111111111333,0.691751109924118,14.532075458611784,0.6144347441071145,0.31256513716072604,0.3018696069463885,9.266666666666667,6.099999999999999,49.48586118251928,48.188405797101446,0.9897172236503856,0.2898550724637681,9.302024937255455,2.0712859077712835,17.66256694009653,3.600208856061409,12.9882044181961,12.699905926622765,4.000232062290455,14.111006585136407,0.9,0.5666666666666667,-3.0701666170872994,21.12691936346687,,17.830823485239105,44.852459016393446,91.51553324234492,98.96063465325794,42.13900535356069,0.5378795718087336,48.037387571778744,6.498079385403329,1.9277104668672498,4.627820344019156,3.470865258014367,49.99709938964988
G. Cometa,CSB,45.5,14.0,17.45476190475,1.1807280514138796,20.53189489841843,1.1444262848484483,0.7643958708406574,0.3800304140077909,7.857142857142857,5.8928571428571415,54.86158001350439,54.054054054054056,1.0972316002700877,0.15315315315315314,6.785630138519775,7.025784217217388,6.58696447208886,6.020533055837554,21.671287128733713,16.140189070786256,5.805514018129069,15.563753746829603,1.037037037037037,0.4444444444444444,-3.4340308406886995,25.7208926712019,,0.0,44.70175438596491,104.49082155635895,93.13018859084438,47.252266009966554,0.49101973401798865,48.87269725783013,5.920813657827824,1.6174289758856157,1.8335382968877536,1.3751537226658153,33.21964984580203
I. Torres,CSB,44.5,14.0,17.380952380942855,0.7535953803381482,17.04490430608428,1.0295671080038078,0.5189165111732609,0.5106505968305468,6.928571428571429,4.871428571428571,48.83546205860255,46.464646464646464,0.976709241172051,0.1717171717171717,7.240348692407454,3.2926225449762225,10.506075638289106,6.47796396756446,20.77091262451831,18.811136192626034,4.966439041799419,14.42187108101329,1.3043478260869565,0.6956521739130435,-1.2415009360973666,22.989302500802758,,27.58005204190669,43.719298245614034,100.0734721943535,88.90691287699414,42.28953765008047,0.5902103207997517,45.57853091016155,5.158009444242644,1.4718362871519965,4.902350695925591,3.6767630219441934,33.07917662998054
J. Bravo,LPU,44.4,5.0,21.81666666668,0.2622091771773107,15.651539613073238,0.22868377380300503,0.19659045568272182,0.032093318120283196,10.0,5.9,46.80998613037448,38.54166666666667,0.9361997226074896,0.4583333333333333,16.561835377156267,9.708428826069952,23.463167848180245,2.3365542636991536,8.383208844965981,7.074136955291453,3.7384868219186456,11.318619128466326,0.625,0.0,-4.184363599745277,26.460777257907125,,43.962696570882805,43.67213114754098,95.89260221085853,102.93295265521463,43.388829845904745,0.5220070769837929,48.298730726401,1.5864022662889519,0.8953816888300937,5.608827297995671,4.206620473496753,42.7980644633878
V. Cuajao,CSJL,44.0,15.0,32.85111111112,0.5435609891709146,13.037190532841594,1.0201599992580932,1.0352934093098607,-0.015133410051767559,8.466666666666667,7.12,51.362215274676196,49.40828402366864,1.0272443054935239,0.13609467455621302,3.1763484102827633,0.9832161077539268,4.939052877735848,2.159016689051899,8.15411849303785,9.518370454978108,1.1874591789785445,5.235103750237959,1.8181818181818181,1.1818181818181819,0.4717037991379629,17.860521276921148,,17.61595526392452,42.239999999999995,105.76712092620409,105.4611274694049,41.700089785415464,0.39116015830352097,46.70451215461681,6.256109481915933,1.801496803987824,1.3846804124484835,1.0385103093363626,61.75650888177467
T. Valencia,AU,43.833333333333336,12.0,23.59444444445,0.5253578444345752,14.549583002048202,0.35440426501878747,0.17767708744120886,0.1767271775775786,7.75,5.791666666666669,43.50594227504244,40.98360655737705,0.8701188455008488,0.36065573770491804,8.448870482968688,4.110261316038821,13.46538733223135,3.8808310534766797,14.287732069175771,12.130569033965592,3.175225407390011,9.92501102779003,1.2222222222222223,0.7222222222222222,-1.1282298052286885,23.998033106096543,,23.588999706098708,43.114754098360656,89.39764140924866,100.37140590513867,43.9478026990458,0.5054387425701522,46.83152459988486,3.937259923175416,1.4260768066414555,1.7362924365357084,1.3022193274017813,47.24074065762085
E. Tagle,SBU,43.0,1.0,23.1833333333,0.11582710071693628,20.862234612855932,0.1291196569624331,0.1032389863709555,0.025880670591477615,8.0,7.3,64.28571428571429,64.28571428571429,1.2857142857142858,0.0,2.3238779135143135,0.0,4.406205793007426,2.4720805328420874,9.234757250111464,12.5,0.0,0.0,inf,inf,3.1584927105704264,14.65783183508807,,0.0,42.24561403508772,140.01609767249462,96.54065135517457,47.54284605096618,0.47953712504215446,50.71428571428572,0.684931506849315,0.22651564095289925,7.194841202469664,5.396130901852248,40.45175659590368
J. Ancheta,CSB,42.46153846153846,13.0,17.2576923077,0.5866521712836275,16.075943232803947,0.8651924181097914,0.5081374061148725,0.3570550119949189,7.0,4.584615384615384,53.85996409335727,51.26582278481012,1.0771992818671454,0.2911392405063291,6.929108333161406,1.5305259370436843,11.395045265497995,7.728705246191356,25.330348275441256,22.43066884176183,5.855079731963148,16.992930940728655,1.32,0.28,-1.3465503058467825,21.976594692175205,,0.0,41.7165991902834,100.96161348916183,92.84772344136199,47.090082339607314,0.4976538933343395,48.715752975936944,5.049037413730476,1.4030131756964452,2.7148763195352674,2.0361572396514505,32.844589845271585
C. Abis,UPHSD,42.333333333333336,12.0,25.036111111108337,0.25257738169098404,12.509827595247756,0.3919682263757136,-0.007138042109216938,0.3991062684849305,7.75,5.2749999999999995,42.581067802161805,41.07142857142857,0.8516213560432361,0.20535714285714285,9.412080448362419,8.078485287957832,10.617032988792287,4.251242439275566,17.369725032139385,13.680704258862717,4.251242439275566,13.680704258862717,1.0,0.391304347826087,-2.6751585750545503,22.42639519529401,,54.40296451308877,40.96774193548387,85.07611742433167,94.73533740364782,40.63250511774242,0.5092638038377725,45.06181501920125,4.81283422459893,1.4260768066414555,-1.3912454774747713,-1.0434341081060785,45.08485916868286
J. Payosing,SBU,42.07142857142857,14.0,18.676190476192858,0.9890291442022605,18.4230669805442,1.0078639854491058,0.46094048816118194,0.546923497287924,8.357142857142858,5.1571428571428575,45.105394783851374,42.78350515463917,0.9021078956770274,0.35051546391752575,15.24770838534599,9.15604283528695,20.70619006102613,4.603005127787939,17.954461366155964,14.097744360902256,3.5070515259336674,10.741138560687432,1.3125,0.4375,-0.8401574503563078,23.75775916812097,,40.29593713267737,41.33333333333333,96.78403319480289,88.9598539755768,46.56132300639381,0.6503238635372449,48.32557970619253,6.977739726027397,1.6940261168450061,8.016344834191543,6.012258625643657,32.58740666927854
P. Estacio,SBU,42.0,1.0,17.4166666667,0.029117207679362742,14.180320809688446,0.06840367693540914,0.058018509382666325,0.01038516755274281,6.0,3.5999999999999996,50.0,50.0,1.0,0.0,3.0933150025718423,0.0,5.865102639284963,13.162350320274903,47.682119205184996,40.0,3.290587580068726,10.0,4.0,0.0,10.510677895666836,16.723754544803143,,0.0,41.26315789473684,113.36802656590453,100.5826163843622,46.1818892732772,0.38847625243474077,44.177353104982814,0.3424657534246575,0.18255517264179213,1.4194419788582961,1.064581484143722,30.38970930471677
N. Montecillo,CSJL,42.0,15.0,24.428888888886668,-0.11732713083550152,10.176424452889895,0.31971812515643155,0.05772790046582966,0.2619902246906019,7.066666666666666,4.0666666666666655,41.95501730103807,39.44954128440367,0.8391003460207613,0.13761467889908258,7.806427924695133,3.636034770541415,11.158332702799992,6.387413460509839,22.421445446723183,23.579849946409432,3.9195491689492195,14.469453376205788,1.6296296296296295,0.7037037037037037,0.634330688861914,18.014914234699017,,0.0,40.32,86.60135199591771,99.53013241024172,35.46130964851553,0.5275394114582449,42.59135635911869,4.203323558162268,1.573113667174674,2.877547051882426,2.1581602889118194,45.923648930332384
N. Ochavo,EAC,41.57142857142857,14.0,15.408333333335715,0.9198472367943064,19.39093229988227,0.7808985093995373,0.5061196584932257,0.27477885090631166,7.357142857142857,5.2857142857142865,43.450881612090676,35.15625,0.8690176322418135,0.546875,9.10824698388704,9.587667313342076,8.609749374886219,12.873315273334764,44.61903314658518,35.853976531942635,4.447145276242919,12.385919165580182,2.8947368421052633,0.7368421052631579,7.994977797823851,19.107870451962317,,0.0,41.203539823008846,101.58418462822749,95.40382089527104,44.93453374953379,0.5346563349662623,48.07137214360769,5.669902912621359,1.539602557310594,5.7060027081639415,4.279502031122956,30.517169393877143
B. Lina,SBU,41.333333333333336,6.0,22.09444444445,0.5156250991024068,18.638001879775537,0.6467096707697324,0.44647452082334327,0.20023514994638916,9.166666666666666,6.25,55.60307955517536,50.0,1.1120615911035072,0.8529411764705882,11.785631273962222,6.879557455366638,16.181754767327444,2.5939130157235613,9.665749707951834,10.211027910142954,2.5939130157235617,10.211027910142954,1.0,0.3333333333333333,-1.6570769526261158,19.320485035320132,,0.0,40.60818713450293,112.44233822960493,93.47771930436872,57.17716314389233,0.5485414987241439,58.52155088420126,3.2534246575342465,0.9617290230673694,7.118799730508507,5.339099797881381,38.551793908981715
League,League,41.071898596866966,12.6140850534,20.478641155013666,0.7370104878417174,16.55472813827579,0.7353912969903063,0.4976836254279909,0.23770767156231537,8.393257066374618,5.68406099391047,48.99797912191025,45.13821377386808,0.979959582438205,0.33009927536444184,10.099869017683014,5.999399744020875,14.200338291345156,4.38618893256066,16.04054092974722,15.044342380842604,3.404179159361647,11.676112813787762,1.288471824550844,0.5813224054400477,-0.9197472535575572,20.86495385246538,1.978925617468992,36.281594805950554,40.31258618583245,99.6857887272076,98.05816348877637,45.73906451003785,0.5353797928909938,48.35560979897762,5.005001364760533,1.5717027573856666,4.564268315323448,3.4232012364925857,39.23559678254291
J. Boral,UPHSD,40.4,15.0,23.037777777779997,0.18303973397708986,11.884656695169042,0.661465990400705,0.10006239624523149,0.5614035941554735,7.333333333333333,4.6066666666666665,38.872363439697125,33.33333333333333,0.7774472687939425,0.3333333333333333,12.42573237846582,8.300359030003728,16.153159744761147,3.8566972732222453,14.56608152176224,12.636899747262003,2.8925229549166844,9.477674810446503,1.3333333333333333,0.5,-0.6067212661487328,22.291906501224606,,31.531714038543296,39.096774193548384,87.34628416055263,92.3986530678443,39.89091572287081,0.5615386942094179,44.270274400604904,5.271199388846448,1.6174289758856157,3.128224425570607,2.346168319177955,41.48627404875909
P. Gabat,SSCR,39.666666666666664,3.0,19.155555555566668,-0.0086373609393253,10.517892769929807,0.007522465577802097,-0.033075294112045524,0.04059775968984762,7.666666666666667,3.233333333333333,40.0,40.0,0.8,0.0,11.760281481852386,4.835175970701357,20.620146721552356,6.815340541155676,23.133708446295167,23.52941176470588,5.111505405866756,17.647058823529413,1.3333333333333333,0.8333333333333334,-1.0808807980317052,18.700987973534655,,0.0,38.699186991869915,80.68694089022001,99.68777236540517,35.44129615533838,0.6473801455213559,40.689158842673585,0.5376344086021505,0.5001227174488009,5.316260322153642,3.9871952416152316,39.12741631270681
A. Manuel,UPHSD,39.0,3.0,28.933333333366665,-0.25773174940336596,4.851787830643217,-0.023616719976269213,-0.1462928666483258,0.12267614667205659,6.333333333333333,2.3333333333333335,33.524904214559385,30.0,0.6704980842911877,0.1,9.049227799217373,2.5419420437184748,14.928801102417344,7.037349381496111,24.080560420284456,27.582748244734205,5.118072277451717,20.060180541624877,1.375,0.25,-0.8051560888578182,15.447484969707698,,0.0,37.74193548387097,68.93215976789591,94.06558976875584,29.24664884002498,0.5242469933316188,37.72887033938076,0.9931245225362872,0.4333570896870438,-0.5135441385721294,-0.3851581039290971,52.102950527193364
G. Montano,LPU,38.266666666666666,15.0,20.326666666673336,0.8573474497639045,16.471913329041925,0.7660532752849153,0.7548923440296315,0.011160931255283819,8.266666666666667,5.686666666666667,55.306187880731,52.23214285714286,1.1061237576146201,0.25892857142857145,6.970926664706426,3.8206971320274628,10.14318577453699,3.510962072528929,12.928593992689471,12.745812090313184,3.1765847322880782,11.531925224569072,1.105263157894737,0.47368421052631576,-1.6039603008211474,20.720894193994567,,47.18528190497038,37.63934426229508,104.26584321048742,104.93269746088863,45.47114838220583,0.4758369850246025,49.746778957619185,4.277620396600566,1.769485340951125,3.1116058266533777,2.3337043699900333,39.87511032813826
J. Miller,CSJL,37.857142857142854,14.0,15.764285714285714,1.3398915142019803,23.0229086703488,1.0351292324260586,0.8145852981055431,0.22054393432051544,8.428571428571429,6.271428571428571,63.26868495742668,52.38095238095239,1.2653736991485336,0.7777777777777778,9.292931190050812,5.488175396817034,12.350959210780765,6.025665253410146,22.92107668182025,18.57907253269917,6.025665253410145,18.57907253269917,1.0,0.6,-3.7614070288575254,22.98038694199342,,0.0,36.34285714285714,109.9146692304092,97.26872801911038,49.35951667474403,0.5795388885892913,57.21026638505849,6.321277289019225,1.7048736980913266,9.462819886438623,7.097114914828968,29.63513920232599
M. Sangco,CSB,37.642857142857146,14.0,18.334523809507143,0.43857281696704403,14.254314766980949,0.9920314908188383,0.46885531937819697,0.5231761714406414,7.071428571428571,4.328571428571429,47.27474972191323,45.3125,0.9454949944382647,0.28125,11.708802852245741,6.688659709945116,15.86167874072699,2.8658222084510827,8.465009790107423,14.749262536873156,1.8423142768614102,9.481668773704172,1.5555555555555556,1.1111111111111112,0.13077010632086034,13.620182072427305,,34.86083239720217,36.98245614035088,106.62071433390724,89.37593271312464,49.78589405897147,0.5791946173718413,48.22090337277366,5.266981474754813,1.4945384795896173,6.3526629465319155,4.764497209898937,34.89399995055796
C. Hernal,AU,37.36363636363637,11.0,16.71818181819091,0.8384463088022368,19.98409505541914,0.6655185178021688,0.40167703348764566,0.2638414843145231,9.0,5.7272727272727275,46.32442284325637,40.0,0.9264884568651275,0.72,15.835731176401712,12.656356577278588,19.511883056637824,4.073827051290321,13.569889379439504,16.69634906500445,2.4442962307741922,10.017809439002672,1.6666666666666667,1.3333333333333333,0.5211084266236827,17.35159404989178,,108.9532156082331,36.751117734724296,103.3231158388846,94.07946975438469,52.91969151603544,0.6501224579312047,53.720197257762166,3.4891165172855314,1.4945384795896173,8.831471635630201,6.623603726722651,33.4731039503617
Y. Concepcion,MU,36.07142857142857,14.0,15.4369047619,0.8960895999132588,19.15411010639102,0.9395473444957636,0.5937485861021139,0.34579875839364976,7.928571428571429,4.792857142857144,53.593947036569986,49.03846153846153,1.0718789407313998,0.5,17.072126860948273,17.103084825684263,17.038394659046528,1.7176130442209998,5.929301142036089,8.49102377486657,2.9444795043788567,14.55604075691412,0.5833333333333334,0.8333333333333334,-3.4790738448447245,15.33535671627953,,78.74483977401962,35.75221238938053,111.24342410671449,92.890379701855,54.484251752414245,0.6151470214113781,54.799881704426745,4.57232952305873,1.628444416215804,6.065440401193389,4.549080300895042,29.11016551034452
P. Javillonar,CSJL,36.0,11.0,21.728787878790907,0.48270658707643416,14.879299518960313,0.6037435257605656,0.5701193713126433,0.03362415444792224,7.818181818181818,5.418181818181818,56.89277899343544,51.973684210526315,1.1378555798687089,0.4605263157894737,9.258212169679249,7.0946367789204,10.997160614588228,1.1127795730513357,4.3279241590720146,4.448398576512455,3.560894633764274,14.234875444839856,0.3125,0.125,-5.279199417872471,20.800977419410458,,18.15889175557007,34.56,104.22098931588839,104.09794818553885,47.259510879461054,0.4225055515798851,53.22607211839564,3.5190615835777126,1.3447902251609745,1.633053758479258,1.2247903188594433,40.84775327956933
M. Igliane,MU,35.53846153846154,13.0,20.943589743584614,-0.3529095147130172,8.214656741283038,0.42261114393485477,0.09711038479851863,0.32550075913633614,6.384615384615385,2.684615384615385,41.19973632168754,35.294117647058826,0.8239947264337508,0.43137254901960786,13.349055793257218,8.145532600439536,19.01888249011559,3.1163129067318156,9.683701459199284,17.263703064307293,3.1163129067318156,17.263703064307293,1.0,0.3125,-2.0084209129239907,12.372802858072646,,53.57585371570139,35.22396187882914,89.47195420901365,96.00682115234788,40.41971239316353,0.5422508976162272,46.4382635875226,2.562081198265668,1.309451069035123,2.0735283621058116,1.5551462715793587,39.49440468928971
J. Jabonete,MU,34.53846153846154,13.0,13.625641025646154,0.42742808845804264,15.670190766656054,0.47615650465337744,0.14995559304896947,0.32620091160440795,6.153846153846154,3.392307692307692,41.98473282442748,43.75,0.8396946564885497,0.20833333333333334,18.031372497225505,8.943049395175654,27.93412781208634,1.796248858357851,6.876565314519937,6.550218340611353,2.0956236680841593,7.641921397379914,0.8571428571428571,0.8571428571428571,-1.736486617317189,21.23019252827529,,68.62494874381775,34.23281143635126,91.77053189536487,91.02991822179614,44.26149902203085,0.6586647426716413,46.88970396201409,3.7839968466692944,1.2737910570979467,8.565223024885851,6.423917268664388,25.694572296647397
J. Eusebio,CSB,34.214285714285715,14.0,12.138095238107143,0.4148668479474137,15.727114737388096,0.6848036829436879,0.27465713058233326,0.41014655236135455,5.357142857142857,3.1142857142857143,41.08297413793104,40.76923076923077,0.8216594827586208,0.3230769230769231,17.381147687132994,9.429636947151698,23.958975508579314,3.401206398552575,10.505738780740973,11.925411968777103,2.1644040718061843,7.58889852558543,1.5714285714285714,0.5714285714285714,0.1975275017108433,20.654564763997946,,65.82136128730582,33.614035087719294,98.08936054785899,86.45867565925666,44.20510348370828,0.6477112046307385,47.49867252532495,3.5960770069015617,1.213603032033659,10.076746654432101,7.5575599908240765,23.101046912314875
R. Gabat,SSCR,34.13333333333333,15.0,21.09888888888,0.3217978645343725,12.863752828630348,0.2816724372900249,0.42515559215129256,-0.14348315486126767,6.666666666666667,4.6000000000000005,42.27517294388932,39.38356164383562,0.8455034588777863,0.15753424657534246,9.691512018774393,7.316379108516762,12.730217707427702,1.7015919482674926,6.1452467447560455,6.2104787714543805,1.546901771152266,5.645889792231255,1.1,0.8,-0.7850601909773132,21.695930853147246,,14.833819016962229,33.30081300813008,95.41084661205987,108.7651348359722,42.473582725863466,0.434728250944817,44.19298873507967,3.0277306168647424,1.5058465048420853,0.338473536675296,0.253855152506472,43.09689723673118
N. Lucero,EAC,33.84615384615385,13.0,12.29487179486923,-0.6314129216686222,2.8796039256254735,-0.4175681521910325,-0.6304971485192281,0.21292899632819562,2.3076923076923075,0.5846153846153848,30.185424752048295,22.5,0.6037084950409659,0.3625,6.29631693319349,2.3527003135203626,10.396859473718662,13.89942186301,50.76750280794988,26.54440154440155,9.160982591529319,17.495173745173744,1.5172413793103448,0.27586206896551724,0.20359060664070538,31.91083535266865,,14.778144736891075,33.546630360789656,67.45055914593296,94.95392979982844,32.668982786513,0.5449863826215975,37.617794414821745,-0.6601941747572816,0.6104100091374772,-7.7698105637721095,-5.827357922829082,24.350763779770812
J. Bancale,MU,33.23076923076923,13.0,13.626923076923077,0.4118356873075585,15.492818128637836,0.5955825125293686,0.41796717608174766,0.17761533644762084,5.461538461538462,3.3923076923076936,51.03694102397927,47.32142857142857,1.0207388204795853,0.23214285714285715,9.636551000545237,8.346060812290128,11.042685930721373,5.986932877547096,21.217031455657338,20.89427496865859,4.190853014282967,14.625992478061011,1.4285714285714286,0.5,-0.3858496099529382,18.77802495723636,,0.0,32.93669162695711,103.96940931439407,97.4928425308671,46.033547230716856,0.5074916377066133,48.03221319460156,3.1533307055577455,1.1647278680300426,2.4251068476563544,1.8188301357422658,25.696989926699512
J. Daileg,LPU,32.4,15.0,17.24444444444,0.6379564276596567,15.777316055140105,0.6343450311247931,0.5532349207245969,0.08111011040019624,7.4,4.706666666666666,50.526315789473685,46.42857142857143,1.0105263157894737,0.2976190476190476,13.147023959197323,5.7318513745719235,20.614050897561363,2.167786394525344,7.46418083118504,9.565217391304348,1.773643413702554,7.82608695652174,1.2222222222222223,0.5555555555555556,-0.6302158450008432,17.66935621155198,,27.809521493879956,31.86885245901639,104.4968986396845,102.7826571140225,45.41220062868697,0.5254770992277352,48.738673707203034,4.787535410764873,1.628444416215804,7.573663065152772,5.680247298864579,33.828671274316356
G. Quinal,EAC,32.07142857142857,14.0,14.702380952364285,0.4202830559465041,14.924140611109786,0.4835664074719175,0.29393226486982327,0.18963414260209424,5.0,3.807142857142857,46.02292462660646,44.03669724770643,0.9204584925321292,0.12844036697247707,7.450216851591307,6.394201297440002,8.548253785925104,2.943587537719305,12.270752895772068,8.62316757688991,2.943587537719305,8.62316757688991,1.0,0.6666666666666666,-1.8971017823671361,25.87829757808342,,0.0,31.787610619469024,94.18808811316245,98.11937028035166,38.159289835484124,0.47230401272102596,45.0842277787279,3.1067961165048543,1.1524026154731368,1.739183300406182,1.3043874753046365,29.11898648025166
I. Panapanaan,JRU,31.6,15.0,20.83444444444,0.20187457072900086,12.11838799156966,0.3538678923121407,0.162580366133699,0.19128752617844172,7.666666666666667,4.206666666666666,39.03413217138708,31.70731707317073,0.7806826434277415,0.7804878048780488,11.875655291514134,8.961820061399955,15.05802043499178,4.429409496669448,13.821739377740478,28.101582014987507,2.296730850124899,14.57119067443797,1.9285714285714286,1.0714285714285714,1.280080882557998,9.391217256647389,,147.5763166716343,31.6,92.5585150118301,100.5432009128609,47.10853733755522,0.5914015572690494,50.60842520218779,3.5809906291834004,1.6722610929617403,3.1624888033821468,2.37186660253661,40.637471007217826
Z. Estacio,SBU,30.76923076923077,13.0,16.5782051282,0.13120907832317025,12.043711611304557,0.5808459059471942,0.2912779793390563,0.28956792660813785,4.769230769230769,2.923076923076923,49.05166775670373,49.09090909090909,0.9810333551340746,0.2545454545454545,6.99948936474003,2.1158456422557004,11.375514205675808,6.38217744244893,22.314413566997704,24.20330778539734,3.7229368414285426,14.118596208148448,1.7142857142857142,0.35714285714285715,1.0192862177090338,16.929864591701563,,12.2218440518467,30.22941970310391,97.38350608713246,94.77446956623724,40.65518729282757,0.5193271909439072,47.946980372639466,3.5530821917808217,1.0521422786760468,2.818245392305426,2.1136840442290694,28.926708208937722
E. Pizarro,UPHSD,30.5,14.0,13.280952380957142,0.6525396858598375,17.87416691597958,0.6617178592731063,0.20967634573228622,0.4520415135408201,6.428571428571429,3.8285714285714283,51.460823373173966,50.98039215686274,1.0292164674634794,0.4117647058823529,11.828563952977067,11.866649483413697,11.794152267920174,5.375902738188134,21.802041629646755,18.899622007559845,5.077241474955459,17.849643007139857,1.0588235294117647,0.9411764705882353,-2.819056725601589,19.287028733996078,,73.25414114321725,29.516129032258064,93.9534255889977,86.03436977344037,47.351968376042535,0.7039165954138851,52.67264697892426,3.170359052711994,1.3914339234647097,6.671605784729465,5.003704338547099,23.916249015837224
J. Nunez,UPHSD,30.4,15.0,24.230000000013334,-0.5001949186719429,8.053754886421649,0.5461168373853769,0.055043814989286136,0.4910730223960907,6.533333333333333,3.146666666666667,40.343571056741276,34.42622950819672,0.8068714211348256,0.5901639344262295,10.949868564389984,8.802554013553438,12.890046663377344,2.4446205733007367,8.367854952676861,14.700477765527378,2.4446205733007367,14.700477765527378,1.0,0.3125,-1.5383144534412028,11.85962006516155,,82.44559255770461,29.419354838709676,87.15589874370336,94.55616926664828,44.30456545026077,0.5132720451634123,48.77230647905763,2.826585179526356,1.4832018620846863,-0.25022498680726385,-0.18766874010544787,43.633219744463204
J. Hernal,AU,30.333333333333332,3.0,14.766666666666666,0.051610970588001764,13.161716724196017,0.047052486337356196,0.023231350846840707,0.02382113549051549,4.333333333333333,3.266666666666666,41.666666666666664,40.0,0.8333333333333333,1.0,11.73891874936254,15.32404798903272,7.5936130659938925,2.2548586748914894,7.287106003500201,10.309278350515465,3.382288012337234,15.463917525773196,0.6666666666666666,0.6666666666666666,-3.6054115747233775,16.74683922737714,,100.50913644527195,29.83606557377049,89.6356636401887,101.0425865688007,47.44926922019504,0.4900048745571271,58.21923759472224,0.22407170294494239,0.3260154781915736,-1.882712132994646,-1.4120340997459844,29.56578494653323
E. Geronimo,AU,30.266666666666666,15.0,19.47777777778,0.47222382176182076,14.068727490272053,0.48694694236120434,0.4696049725814391,0.017341969779765258,6.333333333333333,4.679999999999999,58.74515503875969,58.333333333333336,1.1749031007751938,0.3333333333333333,4.805791460163467,3.3193154229357282,6.524529378208041,4.102736582677167,14.337736615906922,18.668326073428748,3.7608418674540696,17.112632233976353,1.0909090909090908,0.4090909090909091,-1.9680240887740512,15.258865250883389,,22.8596649747435,29.770491803278688,101.13792918855617,104.75608289219355,49.4451013871506,0.40461264676350867,53.056985951056966,4.70550576184379,1.4490167616050416,-1.165232290549409,-0.8739242179120568,38.998360429856035
G. Borromeo,AU,30.166666666666668,12.0,18.390277777775,0.014796878770636755,10.954771058057478,0.2785562651073221,0.09227854404298746,0.18627772106433463,6.166666666666667,3.3666666666666667,38.355625491738785,39.130434782608695,0.7671125098347757,0.2391304347826087,9.89718249002367,5.273402253371686,15.243428388652529,5.431687357023623,17.309899019680156,28.971511347175277,1.8105624523412078,9.657170449058425,3.0,1.625,3.47400370326695,11.36816734129326,,0.0,29.672131147540984,90.48159706554114,98.66426241251254,45.33739032356115,0.5446946817992867,44.84117027237165,2.816901408450704,1.201446661775317,4.515168421306966,3.3863763159802245,36.82097051137956
J. Maliwat,SSCR,30.0,3.0,14.2277777778,0.11886186707684585,16.417321815480367,0.14464221171272534,0.1541872561144612,-0.009545044401735876,6.666666666666667,4.0,55.00000000000001,55.00000000000001,1.1,0.0,6.089786223738806,2.1699449104466892,11.104766246910225,10.32280591921785,33.476303998246465,45.0,1.1469784354686499,5.0,9.0,2.0,10.914321529508959,10.652255306814135,,0.0,29.268292682926827,131.8930104971617,106.96705587894584,51.329252811644345,0.4768511581273456,47.14724437322218,0.7074136955291455,0.45035314714436947,8.362841312587264,6.272130984440448,29.0618657705744
Y. Camay,AU,29.333333333333332,3.0,11.627777777766667,0.11428201797944328,17.40500304268229,0.10591542756799877,0.10147549948799518,0.004439928080003582,4.333333333333333,3.566666666666667,51.65289256198348,40.909090909090914,1.0330578512396695,0.7272727272727273,4.472342957835945,0.0,9.643489502833756,7.158880026119572,24.08309853411687,23.234200743494423,2.8635520104478287,9.29368029739777,2.5,0.5,3.662946570711475,20.192002624212872,,0.0,28.852459016393443,107.36837163188828,104.22880639329017,50.1752263543972,0.4167374237885848,51.55683927011532,0.704225352112676,0.3260154781915736,4.00502620029068,3.0037696502180102,23.281109064347223
A. Doromal,EAC,29.333333333333332,12.0,16.645833333325,-1.0029473801245465,0.7277635341609632,-0.5491649422303766,-0.7305428404880331,0.18137789825765652,0.9166666666666666,0.19166666666666674,26.46062658763759,24.71264367816092,0.5292125317527518,0.19540229885057472,5.997743150102629,1.8825528582951079,10.276686688815984,6.572006385489296,23.047656403229695,18.775274407856728,4.549850574569512,12.998266897746966,1.4444444444444444,0.3333333333333333,-0.3258129190963613,23.58790718529828,,11.824981896272574,29.073746312684364,61.39111534364279,98.22163762401709,27.393497929990605,0.46995582991778756,37.055139882039626,-0.5048543689320388,0.2876240645017732,-7.187779254598268,-5.390834440948701,32.96811566480782
A. Aguilar,SSCR,29.25,12.0,14.347222222225,0.5577302433260322,17.33135211472473,0.408185965892386,0.41225757861625656,-0.0040716127238705655,5.916666666666667,4.258333333333334,48.21958456973294,44.76744186046512,0.9643916913946587,0.22093023255813954,9.662539411588103,3.7657891974473405,17.206743924477248,2.5592164529673846,9.516168316687402,8.081896551724139,2.274859069304342,7.183908045977011,1.125,1.0,-1.0823456897235504,24.574710807560443,,0.0,28.536585365853657,101.4728922290032,105.4019495864417,41.89032544708298,0.5135163039110281,46.40537330472153,2.6315789473684212,1.1647278680300426,6.547432746139734,4.9105745596048,29.305844729560988
K. Monje,CSJL,28.636363636363637,11.0,17.0,0.41356939218286964,15.26531806570892,0.4580631355972867,0.4290054313383962,0.029057704258890503,6.090909090909091,4.336363636363637,56.33047210300429,52.34375,1.1266094420600858,0.375,6.9269346928597155,3.886332545703271,9.370783147583587,2.5601666080959506,10.228760546988653,9.32062966031483,3.6980184339163733,13.463131731565866,0.6923076923076923,0.23076923076923078,-3.7289824934002085,21.67563318990382,,23.210041592394536,27.49090909090909,102.84616359388963,103.98093441366974,46.468051753172006,0.42519620477671605,51.415261900661555,2.867383512544803,1.1151590347677587,1.4373275538111758,1.0779956653583818,31.958147395349283
A. Gelsano,UPHSD,28.333333333333332,12.0,14.686111111099999,0.10008103852013583,11.961457655148243,0.37035588285474463,0.0880091384924655,0.28234674436227913,5.416666666666667,2.8666666666666667,42.8734756097561,38.88888888888889,0.8574695121951219,0.37777777777777777,11.588214846214912,8.763858440134063,14.140125296725262,6.617095338110078,24.44773529852112,24.283071230342273,4.096297114068143,15.032377428307123,1.6153846153846154,0.38461538461538464,0.5948438969329751,17.250470018127682,,46.37165870595666,27.419354838709676,89.51798372070866,92.57594058380805,43.82998078690104,0.5575725250015094,46.950919631732,2.559205500381971,1.090098451564335,2.903773525186802,2.1778301438901018,26.44664933148479
M. Barrera,JRU,28.153846153846153,13.0,15.989743589753846,0.9037677375927367,19.55912677626797,0.6328065864717886,0.754734990965889,-0.12192840449410051,7.0,5.376923076923076,59.255079006772014,56.09756097560976,1.1851015801354403,0.18292682926829268,5.410432395742006,4.145731681333372,6.791683960302024,2.9597269429113333,12.425218591797124,10.8499095840868,2.4664391190927777,9.041591320072333,1.2,0.3,-0.9622673440035479,20.152772641792918,,31.6961824648063,28.153846153846153,114.8441008730903,109.69567765365795,52.44102034328789,0.37671121764276144,50.39546338576177,4.65194109772423,1.4030131756964452,1.1516148373339472,0.8637111280004603,31.18790823889109
J. Medina,JRU,28.125,8.0,15.3770833333375,0.1784925034440051,13.736433534120199,0.10715366100353721,0.08615419228364832,0.02099946871988889,5.25,3.5749999999999993,45.146726862302486,43.61702127659575,0.9029345372460498,0.2978723404255319,8.228020804192843,4.378265608454898,12.432557361106635,4.584415602583683,17.457238582254465,15.035538545653363,3.750885493023014,12.30180426462548,1.2222222222222223,0.5555555555555556,-1.354987842028711,21.46791133991488,,71.41124286703888,28.125,90.30644961042097,103.91342855311134,43.57201083700999,0.5123458724315196,46.85282536545651,1.6398929049531459,0.785629301801026,0.31170386932902466,0.2337779019967685,29.992917728163167
N. Gonzales,SBU,28.1,10.0,16.46000000001,-0.42593056465977225,5.61878229060983,0.10560504515855733,-0.12014655254202812,0.22575159770058545,3.3,1.2599999999999998,33.42245989304813,32.95454545454545,0.6684491978609626,0.045454545454545456,8.182751563618362,4.155528554067949,11.79137433203271,6.615493762894886,21.793375457786833,25.37393162393163,3.830022704833881,14.69017094017094,1.7272727272727273,0.36363636363636365,1.1121565817118457,16.48064258713442,,0.0,27.607017543859648,78.5430449718527,94.5574950220186,31.460425793878482,0.5242153805218653,38.73723639824148,1.1130136986301369,0.655641084781808,-1.3547641657654625,-1.0160731243240968,28.720456372535004
L. Velasco,SSCR,27.428571428571427,14.0,18.730952380942856,0.5815389955833069,15.27745537481775,0.6680880151340521,0.716482648812396,-0.04839463367834387,8.142857142857142,4.985714285714287,56.451612903225815,50.98039215686274,1.1290322580645162,0.49019607843137253,11.498216170123143,9.889564614124403,13.55629831498473,1.12015194098435,3.6642100681392535,8.108108108108109,1.12015194098435,8.108108108108109,1.0,1.1666666666666667,-0.710603214367111,10.718357218154713,,98.46425837181656,26.759581881533098,122.94562122021424,106.66122275942875,60.421841063596936,0.48401579350468554,54.44297297679447,3.423882286361064,1.6613431447906202,2.8016057214894667,2.1012042911171003,38.26011569419905
K. Jacob,EAC,27.0,8.0,14.545833333325,0.19377640954584868,14.167097535268224,0.3574894183755898,0.20274586417005935,0.15474355420553043,5.25,3.637500000000001,54.92676431424767,56.52173913043478,1.0985352862849533,0.6956521739130435,9.471829779671495,4.84726353623643,14.280418555284776,1.30167953633676,4.746480976742254,8.32408435072142,1.30167953633676,8.32408435072142,1.0,1.6666666666666667,-0.8389146022708749,11.893572796756155,,0.0,26.761061946902654,108.00697732673052,94.9724276552798,56.185157657361096,0.5445616493244291,58.687511084032664,2.4854368932038833,0.785629301801026,6.117436852786024,4.5880776395895175,28.80893411410157
G. Aviles,LPU,27.0,15.0,19.220000000000002,-0.5378022418741338,7.070494255404062,0.09499857341293091,0.05178465061964143,0.04321392279328948,5.466666666666667,2.206666666666666,37.967289719626166,36.885245901639344,0.7593457943925234,0.2786885245901639,12.532918550532315,6.612036073534512,18.49520580009654,2.121782539843261,6.744622959912798,13.5623869801085,1.4145216932288407,9.041591320072333,1.5,0.375,0.0,11.658188960639048,,33.26810603036233,26.557377049180328,87.54957408899212,104.05326586723743,43.239787440429694,0.49614129457224404,44.90320302090789,1.9263456090651558,1.2976007699256806,1.5066141884998177,1.1299606413748633,37.70414663036567
L. Gabat,SSCR,26.916666666666668,12.0,14.479166666658335,0.18927337191030136,13.009579726848488,0.2920060891317761,0.29891976543230514,-0.0069136763005290145,5.0,3.0749999999999993,48.56726566294318,43.24324324324324,0.9713453132588635,0.25675675675675674,5.684851949382061,3.198405131318474,8.865970807174396,3.3811934080477584,12.155401371197478,11.282437006393382,3.381193408047759,11.282437006393382,1.0,0.9166666666666666,-2.144965175031726,22.44762138512114,,0.0,26.260162601626018,97.61706362948689,105.52828245806279,42.20386587035724,0.5105567521045835,45.943031322900396,0.9054895302773062,1.0265831770373834,1.854779963127281,1.3910849723454608,29.575356370323174
M. Songcuya,SBU,26.785714285714285,14.0,14.523809523814284,0.04482094112738903,11.263066024586996,0.5176906895875275,0.12662000842273036,0.3910706811647972,5.285714285714286,2.349999999999999,45.537340619307834,44.44444444444444,0.9107468123861566,0.5,15.367690352965305,12.334426229504153,18.085668958217234,1.9730039465771232,6.648522550541813,11.12523839796567,3.3822924798464973,19.071837253655435,0.5833333333333334,0.25,-3.961319423307604,13.350765165074924,,103.63322323562554,26.31578947368421,91.94023413808809,90.2690697552169,46.132167644408,0.6208287218265846,51.89908990371699,2.482876712328767,1.201446661775317,2.9858444036891223,2.239383302766842,25.342067909566413
G. Loristo,EAC,26.642857142857142,14.0,15.65952380952143,0.3125026748442337,13.685122592840225,0.60639368663656,0.2983933501687316,0.3080003364678284,6.571428571428571,3.7000000000000006,65.73624595469256,67.10526315789474,1.3147249190938513,0.6842105263157895,8.96214388874001,3.0016871682874604,15.159781412947595,1.3818346545080482,5.01803433184249,8.640552995391705,3.224280860518779,20.161290322580648,0.42857142857142855,0.21428571428571427,-4.452867381064911,12.121531033686034,,183.15956640225144,26.4070796460177,102.58248270142172,94.3938383733889,50.77450725037186,0.5578467641340906,61.89953037642254,3.9611650485436893,1.4145606597339633,3.2389242644329843,2.429193198324738,31.014667867336545
R. Ondoa,CSB,26.166666666666668,12.0,9.034722222225,0.3284484224460824,16.909297424594214,0.3902558590546987,0.19835157235825202,0.19190428669644666,4.0,2.491666666666667,58.2039911308204,59.09090909090909,1.164079822616408,0.21212121212121213,12.426804555932172,12.66866080771584,12.226730779539706,0.4846439862995655,1.617155083753325,2.170138888888889,4.36179587669609,19.53125,0.1111111111111111,0.3333333333333333,-7.740162980188764,17.96439378792935,,61.90142349139018,25.707602339181285,101.43051900021509,91.46001177633102,50.13301656503425,0.5302465876466959,53.26146501055097,2.143116600072648,0.8683836407446771,1.2948541299552132,0.9711405974664099,17.194752372687812
J. Morales,CSB,25.923076923076923,13.0,11.843589743592307,-0.34611003308162414,6.301611821862434,0.2726946860930989,0.02165948393458418,0.2510352021585147,2.4615384615384617,1.1615384615384614,34.93788819875776,33.33333333333333,0.6987577639751552,0.16666666666666666,10.096636422678834,5.203755050510511,14.14423596311044,2.730122650685395,7.782123302280704,12.210012210012207,2.0475919880140463,9.157509157509155,1.3333333333333333,0.5,-0.4360230369009093,16.140496107483028,,14.529434935827734,25.468286099865047,86.72567101701624,92.5450619790057,35.778215376256775,0.504762396326198,41.36218634643192,1.0170722847802398,0.6406829830504491,0.9666503010348847,0.7249877257761635,22.54054832408806
R. Abiera,AU,25.714285714285715,14.0,12.916666666657141,0.06186100025262813,11.507597846126494,0.11078150268938061,0.06644587759465324,0.044335625094727375,2.7857142857142856,2.507142857142857,42.27517294388932,36.11111111111111,0.8455034588777863,0.35555555555555557,5.751529223194218,2.1451649535156814,9.921387910010028,2.7619421003990774,9.674733350083535,7.931472081218274,3.314330520478893,9.51776649746193,0.8333333333333334,0.5,-2.8263768377870755,27.369460740483383,,12.311211275194923,25.292740046838407,87.4625430905354,103.31360643006715,37.142428751808005,0.4377825405546757,44.37822813836119,1.440460947503201,0.7431545832141785,-0.7998683443094485,-0.5999012582320864,25.86171933808844
J. Nunag,CSJL,25.466666666666665,15.0,14.12777777778,0.03300046451203785,11.13300479906812,0.3560619068732957,0.08085533802667606,0.27520656884661965,6.0,2.5533333333333332,49.73221117061974,48.93617021276596,0.9946442234123948,0.2553191489361702,16.55463845688097,6.28720884507304,24.806965060763975,1.7571152654329916,6.330541062299772,9.684560044272274,3.2632140643755556,17.985611510791365,0.5384615384615384,0.3076923076923077,-3.9173064786569816,14.260103519261987,,61.44317734957744,24.447999999999997,89.4863043961966,94.88767745948805,43.51710263171783,0.634289549111802,48.845893572069656,3.4864776800260673,1.3914339234647097,7.515947290875573,5.63696046815668,26.55868262300196
RC. Calimag,SBU,25.363636363636363,11.0,10.6,0.24582967217126048,15.0577156180466,0.36335918194835126,0.24299315237704538,0.12036602957130586,3.1818181818181817,2.290909090909091,46.74515235457064,47.32142857142857,0.9349030470914128,0.07142857142857142,6.468724769541548,2.9331046312178386,9.636843173057416,2.4575929253704976,10.515053128689493,7.603406326034063,1.4745557552222985,4.562043795620439,1.6666666666666667,0.3333333333333333,0.3139982390220946,25.2968700166922,,22.590146574382615,24.918660287081337,99.55773137896242,97.19387960115802,42.02620658213419,0.4648206359925156,45.217981987437994,1.797945205479452,0.6852226948341995,1.619241727813116,1.214431295859837,18.49555513661519
M. Oli,CSB,25.333333333333332,12.0,9.65555555555,0.22677272434248288,14.753945707094243,0.6032065548726042,0.4701642445002548,0.13304231037234945,3.4166666666666665,2.2583333333333333,51.70036764705882,48.75,1.0340073529411764,0.2,7.602782717861891,9.878408917609356,5.7202879546156495,2.720893956456954,8.404325032771252,11.645962732919255,0.9069646521523179,3.881987577639751,3.0,1.0,1.7381965541831654,16.973384517549174,,0.0,24.888888888888886,125.33799926363758,96.29281800596847,51.63287050535209,0.4167401726740227,49.24894062048379,1.0897203051216855,0.7715580340143142,2.2861849795563853,1.714638734667289,18.37631337353115
I. Culdora,SBU,25.0,1.0,6.9666666667,0.040638734912578814,22.544955575199893,0.021546430007846736,0.014048610414786855,0.007497819593059878,3.0,2.4000000000000004,33.33333333333333,33.33333333333333,0.6666666666666666,0.0,15.46657501281481,32.72727272711614,0.0,0.0,0.0,0.0,0.0,0.0,,,0.0,20.904693180943912,,378.0877163483842,24.561403508771928,99.99695030457355,96.852353958689,48.086528655463,0.47251482008279394,44.878787878756555,0.1284246575342466,0.10854795509308464,-10.92547373711907,-8.194105302839302,12.155883721921606
M. Versoza,LPU,24.666666666666668,6.0,14.8638888889,-0.11754701257091546,8.170743839274564,0.016505250789873683,-0.004292442035118176,0.02079769282499186,4.833333333333333,1.9333333333333336,51.40186915887851,52.94117647058824,1.0280373831775702,0.5882352941176471,13.703518245626867,10.68725471873617,16.74087452445386,1.7147539887021723,5.677138349995266,8.982035928143713,5.144261966106517,26.94610778443114,0.3333333333333333,0.1111111111111111,-7.677067770602441,14.980204303026637,,80.6585261791409,24.262295081967213,84.78826196839113,103.40654655284422,43.08853239315019,0.5110727448916039,55.85138545222061,0.39660056657223797,0.5950852744908703,-1.560255995197423,-1.1701919963980674,29.158701673493685
S. Penafiel,LPU,24.466666666666665,15.0,14.276666666673332,0.065104440071643,11.431066656754338,0.2099591684039513,0.31196468950130335,-0.10200552109735204,3.6666666666666665,2.833333333333333,45.49926217412691,39.85507246376812,0.9099852434825382,0.4057971014492754,4.466243254872343,3.4616831400611643,5.477828265591293,4.0466450330846575,13.991684594769488,15.989465763732131,1.9043035449810153,7.524454477050415,2.125,0.5,1.522445313161491,18.329832191792704,,11.196818781868997,24.065573770491802,97.64079495710799,108.91452449488199,48.01949154420751,0.3839045945498585,47.24524624901336,1.8696883852691217,0.9617290230673694,-2.2336118247725967,-1.6752088685794475,28.006739510567385
J. Cajucom,CSB,24.384615384615383,13.0,11.826923076923077,-0.4538314202355469,4.886984359847484,0.16242171516983583,-0.09858785540622995,0.2610095705760658,1.6923076923076923,0.8923076923076925,36.231884057971016,32.432432432432435,0.7246376811594203,0.2702702702702703,4.381374722838138,1.488882358703105,6.7741674094481805,3.4174624724982583,9.556743162527507,16.286644951140065,3.4174624724982583,16.286644951140065,1.0,0.8,-2.183187433545512,14.443508592379077,,29.099820040586593,23.956815114709848,78.05717970129497,92.02300734739201,34.97073116902897,0.5170237092857275,41.47043788064308,0.3632401017072285,0.48372408956048846,-2.7558707608483974,-2.066903070636298,22.50882856567085
J. Camay,AU,24.25,12.0,14.973611111108333,0.09444571791940573,11.876502511926764,0.26679176246659336,0.23816333400359266,0.028628428463000722,4.75,2.9499999999999993,55.51443375277573,52.12765957446809,1.1102886750555145,0.3404255319148936,5.498922870609562,3.2383414913689315,8.112720090356541,4.447390303580514,15.30431037434491,18.814675446848543,4.169428409606732,17.63875823142051,1.0666666666666667,0.4,-2.311128681068819,16.382505258434893,,0.0,23.852459016393443,97.41835806831722,103.9800238777807,46.66090351102446,0.4224582031795941,50.562758004382744,1.9846350832266326,0.9878405441230007,-0.7556953568807525,-0.5667715176605643,29.98012862194466
R. Bernardo,JRU,24.0,10.0,13.89666666666,-0.014460245952858549,10.610848445440684,0.09946167461630008,0.07488865963629618,0.024573014980003905,4.4,2.45,51.88316679477325,46.666666666666664,1.037663335895465,0.35555555555555557,7.688290620986023,3.1005975971244775,12.698771041164221,3.3203748889450284,12.220881110447932,11.835875854813258,5.533958148241714,19.726459758022095,0.6,0.4666666666666667,-6.477127898166907,20.495858183019934,,0.0,24.0,89.28762298037897,103.86668011414046,41.44712571409485,0.5134424541026777,48.23662998236448,1.2048192771084338,0.8135237057665631,0.6853318495588493,0.513998887169137,27.10537304075185
Z. Jarque,CSB,23.75,8.0,6.3791666666625,0.03929176823165257,12.36754645615297,0.15926266608472833,0.06761884719924549,0.09164381888548286,2.875,1.1625,69.91051454138703,67.64705882352942,1.3982102908277405,0.11764705882352941,12.184549611076184,8.971221266521958,14.842751464212407,0.0,0.0,0.0,8.236731889958724,30.911901081916536,0.0,0.0,-15.785685753993867,21.909630107941766,,87.67009793422163,23.333333333333332,95.04957759693038,91.26026223192173,37.92284730987162,0.534938034727541,53.55859069257942,0.3632401017072285,0.5001227174488009,0.05604459296791656,0.04203344472593742,12.140737532310416
E. Serrano,CSB,23.571428571428573,7.0,4.195238095242857,0.35299292876717286,34.98058297915592,0.3062354259344959,0.22960544976018554,0.07662997617431035,3.7142857142857144,2.4571428571428577,79.90867579908677,71.42857142857143,1.5981735159817352,0.5714285714285714,15.880714064577992,15.590169987537521,16.121064480468615,1.7892219812009447,5.918490957852331,10.245901639344263,0.0,0.0,inf,inf,2.2860277042490913,12.887662729139382,,228.52937560224743,23.157894736842106,180.14256380798346,84.93656138640259,83.7048634955022,0.6834605655777765,65.26089114036463,1.2713403559752996,0.5482904938570397,16.527132096726422,12.395349072544818,7.984316331797781
D. Celzo,SBU,23.53846153846154,13.0,12.389743589746153,-0.15704239250134994,8.860220143247219,0.32741217800753075,0.09309216283451276,0.234320015173018,3.3076923076923075,1.5615384615384613,41.528239202657815,34.61538461538461,0.8305647840531563,0.8846153846153846,12.376140787939201,12.740066225162925,12.050042725910773,2.4907541544126466,8.03906029630839,13.43054489639294,3.2023981985305454,17.267843438219494,0.7777777777777778,0.3333333333333333,-2.9550405466241245,13.599125901811396,,49.060637034669305,23.125506072874494,91.26650198393072,93.91020751289074,46.33667117852737,0.5387980315303301,53.86279831078457,0.6421232876712328,0.7996170519737711,-0.5001596305891091,-0.3751197229418318,21.618413744591944
J. Lozano,JRU,23.444444444444443,9.0,12.370370370355555,-0.054441639239835506,9.837116513123949,-0.016997291105493813,0.014957771812722696,-0.03195506291821651,3.4444444444444446,2.0777777777777775,38.080731150038076,35.714285714285715,0.7616146230007615,0.16326530612244897,9.596551975722676,3.8701770606051573,15.850651637919652,5.526005154499705,20.61068702293223,17.01644923425978,2.7630025772498525,8.50822461712989,2.0,0.16666666666666666,1.7966165141368744,22.33170321682998,,19.726286811466625,23.444444444444443,86.1968393428875,107.40844182229812,40.37719889132729,0.4303630816514641,41.81797864535959,1.3052208835341366,0.6256075418983653,-0.7711506979766497,-0.5783630234824872,24.12834038433043
P. Bagay,EAC,23.0,14.0,9.577380952378572,0.6618660635126716,20.741820666208582,0.5572628066308752,0.49900950233292823,0.05825330429794705,4.5,3.507142857142857,55.65862708719851,54.54545454545454,1.1131725417439702,0.4,9.649917686299421,11.218096212137318,8.019337592824375,1.8828105495546528,8.360255493356771,6.695232994108194,1.882810549554653,6.695232994108194,1.0,0.2,-1.2134455672370723,21.768787226659754,,0.0,22.79646017699115,112.51585473252375,101.86990561536734,54.501118295409654,0.38618715213809823,54.59109842322062,3.1844660194174756,1.064844316803016,2.325802908162883,1.7443521811221623,18.96860293391352
A. Borromeo,AU,22.666666666666668,3.0,13.472222222233334,-0.06875368830301484,7.400744408520928,0.038229120147462964,0.021240438090090144,0.016988682057372823,3.6666666666666665,1.5666666666666658,50.0,50.0,1.0,0.0,6.43341155376905,7.198465900703748,5.548817465125805,3.707266613107197,11.240498553978721,33.33333333333333,2.471511075404798,22.22222222222222,1.5,1.0,0.0,6.329626543381688,,55.083151478621126,22.295081967213115,95.5883070306989,101.95382756778108,46.719989010122084,0.4690507945787409,45.82181541128955,0.12804097311139565,0.2876240645017732,-1.97334951927726,-1.480012139457945,26.97405135267202
C. Dimaano,CSJL,22.333333333333332,3.0,16.661111111133334,-0.22340714567273673,1.8360380899979616,-0.005432726930548068,-0.03730313307148364,0.03187040614093557,4.333333333333333,0.2666666666666666,34.72222222222222,16.666666666666664,0.6944444444444444,1.0,15.117301622109494,9.693153531784493,19.476897283492203,4.256984823503873,13.214589964469786,24.038461538461537,4.256984823503873,24.038461538461537,1.0,0.0,-2.657341880683691,11.706565655487308,,0.0,21.439999999999998,76.3840145157279,100.1453801525365,37.509284844799566,0.5133922023032381,47.54105116714759,-0.13033561420658196,0.3260154781915736,0.3569722769051463,0.26772920767885977,31.321073215287683
V. Sarmiento,JRU,22.307692307692307,13.0,10.315384615384614,0.1554922079840446,13.150643833317895,0.14787172674032603,0.030540941024675163,0.11733078571565086,4.6923076923076925,2.253846153846154,44.13167938931298,41.17647058823529,0.8826335877862596,0.5294117647058824,18.031277977309944,9.639367175544926,27.196560951002326,4.970153778442494,17.241379310344826,19.426180514046624,4.587834257023841,17.931858936043035,1.0833333333333333,0.5,-2.485996833710322,17.082988473671733,,49.13184038047697,22.307692307692307,87.12915361125711,98.5360867510604,44.48116665445573,0.6384825860735165,50.19267957673537,2.108433734939759,1.0393889167439332,7.035023179977347,5.27626738498301,20.12010180323579
J. Manuel,UPHSD,22.25,12.0,12.91805555555,-0.5210266133329572,4.06418776819894,-0.1232114193979214,-0.37570478015345476,0.25249336075553336,2.25,0.8666666666666663,33.657442034405385,28.26086956521739,0.6731488406881077,0.3695652173913043,8.782839392455038,4.270003493293225,12.860353500700924,5.015171566150817,17.83218435356819,16.770483948251076,5.731624647029506,19.1662673694298,0.875,0.375,-4.508389324565261,20.8095042191198,,35.14560578838301,21.532258064516128,67.15949710906266,92.36531023273609,32.427993862611046,0.5622846199740815,41.26892062385779,0.45836516424751717,0.5640317198367825,-2.969206034790895,-2.226904526093171,23.262746872727472
C. Libang,AU,21.333333333333332,3.0,4.605555555533333,0.14411774958360074,31.7857425812619,0.08662232483348366,0.05477501405323977,0.03184731078024389,2.6666666666666665,2.4999999999999996,47.81420765027322,50.0,0.9562841530054644,0.5,7.527634749325978,14.038021559553853,0.0,3.614845812961699,14.689533105734306,12.019230769230768,0.0,0.0,inf,inf,4.6239729629244755,22.588902447165893,,0.0,20.983606557377048,112.31002876454686,87.32351425749901,58.11395011563347,0.8054763456190528,55.30760431191077,0.3201024327784891,0.22651564095289925,15.37460342364221,11.530952567731656,9.22123240051083
R. Go,CSJL,21.3,10.0,10.25833333333,0.3434461959032446,17.54942505701783,0.38026120234091504,0.3293175113786615,0.05094369096225354,4.6,3.0599999999999996,50.94433399602385,41.935483870967744,1.018886679920477,0.6774193548387096,13.153298005332937,10.626641225703867,15.18406887494135,2.074199429034816,7.816143462711062,8.46740050804403,1.5556495717761119,6.350550381033022,1.3333333333333333,0.3333333333333333,-0.32369489440225874,19.512662147340695,,42.30977525048762,20.448,111.60469806223728,101.26696136995456,55.442774226202886,0.487602194512299,53.671899723164486,1.8572825024437927,0.8411028005792861,5.739011332144872,4.304258499108654,19.284548746893226
J. Luciano,EAC,21.071428571428573,14.0,13.940476190492857,-0.33580544459190226,7.361576719236978,0.239726496771892,0.08282360679834072,0.15690288997355128,3.642857142857143,1.75,48.491379310344826,47.61904761904761,0.9698275862068966,0.23809523809523808,9.085121131315967,4.335216995295846,14.024035293509897,2.069644525519428,7.219678415494251,12.422360248447204,2.5870556568992846,15.527950310559005,0.8,0.1,-2.3342506274588235,12.105266356872454,,0.0,20.88495575221239,90.57575307244423,99.02345820693017,40.49993185520236,0.4515450524731432,47.83932710388197,2.2135922330097086,0.9087791140485161,-0.04696695634624471,-0.035225217259683535,27.609986371217904
G. Carillo,CSB,21.0,3.0,4.866666666666666,0.021345919551070992,13.758719061483061,0.05334897752323215,0.04112359707282998,0.01222538045040217,1.6666666666666667,1.0999999999999999,40.0,40.0,0.8,0.0,10.647571606475717,15.679154976068657,6.4852318754835485,3.5988688708671726,11.253701875616978,16.666666666666664,0.0,0.0,inf,,4.598151615172911,14.795916036447169,,0.0,20.63157894736842,115.57443109423286,98.70897472112338,56.383763129345176,0.3599927522896642,44.13583099521373,0.21794406102433708,0.15922388213724334,-2.2857259543095885,-1.7142944657321912,9.262169456399626
P. Ramos,JRU,21.0,10.0,12.86833333333,-0.2917128157723718,6.263522136749494,-0.16700276263858513,-0.14412678965253875,-0.022875972986046388,2.5,1.3500000000000008,37.27865796831314,30.0,0.7455731593662628,0.5142857142857142,5.24379584300648,2.511279247974827,8.228132594835168,8.366662382598228,27.70854713385947,26.95071868583162,5.577774921732153,17.967145790554415,1.5,0.35714285714285715,0.0,18.792533431678994,,17.066648866788416,21.0,76.72435615071714,106.5742365938773,37.7798801444917,0.44993109683246657,43.82209783344764,0.4685408299866131,0.53239713749995,-4.320516415250408,-3.240387311437806,25.099614445633392
Z. Jalbuena,SBU,21.0,1.0,6.1833333333,-0.03440257374025782,-0.36315469837590064,-0.001151435078480723,-0.009393334352890489,0.008241899274409766,1.0,-0.10000000000000003,0.0,0.0,0.0,0.0,8.712976220245789,0.0,16.5203025824732,9.268636175732983,27.11273188535307,50.0,0.0,0.0,inf,,11.842219300325688,7.8509988766608005,,0.0,20.63157894736842,56.31793480487699,94.85745109507451,23.875433707803214,0.5174577115269273,25.0,0.0,0.047619047619047616,0.6349874172632254,0.476240562947419,10.789073829634034
O. Tagle,SBU,20.916666666666668,12.0,14.773611111100001,-0.518732353875695,4.938725027972561,0.13724552784020164,-0.005688288240919911,0.14293381608112155,1.5833333333333333,1.0250000000000001,38.56624319419238,35.36585365853659,0.7713248638838476,0.17073170731707318,2.735040669292633,1.2860769013829356,4.033395300036089,4.202560146221003,13.577313731848642,19.97541487400123,2.586190859212925,12.292562999385371,1.625,0.5,0.4130359462630861,14.261021714251742,,0.0,20.549707602339183,84.88618868417572,98.95075822998446,32.498516078448425,0.4252401597016539,41.31798473864409,0.5136986301369864,0.4333570896870438,-4.37057332330037,-3.2779299924752774,25.777937629458577
H. Ricio,SSCR,20.6,15.0,14.42555555556,-0.3245477936910869,7.805252721317645,-0.008792916603907219,0.00035721430216966533,-0.009150130906076885,3.8666666666666667,1.7999999999999996,40.86983343615052,39.166666666666664,0.8173966687230104,0.18333333333333332,9.850321855959333,5.992544467322895,14.785898322345837,1.5837543258624562,5.163382165240385,8.450024142926123,2.4887567977838594,13.278609367455335,0.6363636363636364,0.9090909090909091,-2.727053178798132,14.487108987033045,,21.696017046359874,20.097560975609756,85.26299050224611,105.54781526608396,39.29288233293189,0.5100991644908279,43.99298636068528,0.9054895302773062,1.000810148179291,0.5508029852702814,0.41310223895271103,29.465849535251415
E. Galoy,CSJL,20.333333333333332,3.0,5.744444444433333,0.03729754534689152,15.17017791957816,0.03188332892854712,0.016303014097951343,0.015580314830595774,1.6666666666666667,1.5,36.98224852071006,20.0,0.7396449704142012,0.8,3.131858770713908,7.0284737528812125,0.0,9.260177093130926,30.671166922097925,27.881040892193308,3.086725697710309,9.29368029739777,3.0,2.0,5.780489579446155,20.84491264653278,,0.0,19.52,92.04415885370487,98.02602650041311,44.49247274755947,0.5621253179717085,45.63401332614867,0.16291951775822744,0.15922388213724334,3.32633325506383,2.4947499412978726,10.798929544682103
A. Turco,CSB,20.333333333333332,12.0,6.004166666683333,0.23772622241712899,17.45191821036923,0.35439255188857544,0.21265189521958616,0.14174065666898927,2.9166666666666665,1.7166666666666666,61.910377358490564,61.53846153846154,1.2382075471698113,0.6923076923076923,11.507160431486575,7.942944574946806,14.455631355999538,1.4585283973494756,4.374310518475828,9.541984732824426,1.4585283973494756,9.541984732824426,1.0,0.0,-0.9317559136896345,11.36917777524994,,217.33991199579722,19.976608187134502,125.33471110356051,89.92744840958684,64.1412042159657,0.5662413627756443,61.22395681565199,1.3803123864874682,0.6852226948341995,4.399063453791822,3.2992975903438664,11.427042968072698
I. Dimaano,CSJL,20.333333333333332,9.0,13.444444444444445,-0.21532722066136586,7.243076747691361,0.15426150723532336,0.11885780855863178,0.035403698676691596,3.4444444444444446,1.533333333333333,48.54368932038835,44.73684210526316,0.970873786407767,0.6842105263157895,10.259210094349049,7.007175347555897,12.872995031023917,1.3188737072009444,4.43147172130179,9.457755359394703,1.758498276267926,12.610340479192939,0.75,0.25,-1.6465636983845078,10.98769794077686,,17.935032139577597,19.52,99.11634024311162,102.88964930377105,49.1559386025438,0.45028957389644236,54.119705237286304,0.5865102639296188,0.6256075418983653,1.0339620296284777,0.7754715222213583,25.27409042377296
J. Jumao-os,CSJL,20.23076923076923,13.0,8.915384615384616,-0.05085962704309929,9.937965053005785,0.05255391810268693,-0.025382062850474802,0.07793598095316173,2.4615384615384617,1.453846153846154,42.76054097056484,38.88888888888889,0.8552108194112967,0.26666666666666666,8.847928876808515,3.135220819872785,13.439451240326955,2.7538174041641805,10.618145986765542,9.334163036714374,3.671756538885574,12.445550715619166,0.75,0.5,-3.4380363676363324,23.277897619275308,,18.72423545201802,19.42153846153846,83.6791616673908,99.86842297637908,39.313351538816946,0.5197606467992146,44.26466058480872,1.1078527207559465,0.6406829830504491,0.8809931268770523,0.6607448451577893,16.75995150733476
J. Pangilinan,JRU,20.0,15.0,12.451111111106666,-0.5874314630574644,4.498008705625961,-0.44680798206193145,-0.45300956345176413,0.006201581389832677,1.4666666666666666,0.9400000000000001,36.205203730976926,32.432432432432435,0.7241040746195385,0.22972972972972974,7.226012440452793,5.190858577623293,9.448719698484227,3.843119772505637,13.144168579183452,11.717442249748911,6.5882053242953775,20.08704385671242,0.5833333333333334,0.4166666666666667,-7.853850999980161,23.994598955608083,,11.759021586693404,20.0,69.63597641907458,104.9633188091221,29.125665782540473,0.4877185172339309,40.810039303369734,0.2677376171352075,0.48372408956048846,-5.964898165237219,-4.4736736239279145,24.285824761709645
I. Galas,CSB,20.0,3.0,3.4499999999999997,0.03709993412892776,18.024914743878725,0.04295238487494579,0.031969533164233406,0.010982851710712383,1.0,1.0666666666666664,51.77514792899408,40.0,1.0355029585798816,0.8,0.0,0.0,0.0,0.0,0.0,0.0,5.076665267116978,12.886597938144332,0.0,0.0,-9.729422258191958,32.39262035295302,,216.13996769276272,19.64912280701754,101.57820118486829,96.96968680770316,50.789100592434146,0.4008427939170192,51.73083368322075,0.10897203051216854,0.10854795509308464,-7.877482197233026,-5.90811164792477,6.565989991351789
J. Bacud,EAC,19.75,12.0,9.343055555558333,0.19168922765994856,14.256557284938744,0.3364045724249766,0.18203745674150829,0.15436711568346834,4.0,2.3083333333333336,47.92944785276074,50.0,0.9585889570552147,0.30434782608695654,14.960031561690457,12.577521186997659,17.437347712538852,1.8013629696636144,6.408045026438034,12.091898428053206,1.3510222272477108,9.068923821039904,1.3333333333333333,1.0,-0.2902384298622543,10.864884538693804,,21.067698532289835,19.575221238938052,106.48157829025557,94.60995850462207,51.487536311454406,0.5528843826210275,51.742966071891956,2.407766990291262,0.8683836407446771,5.451172733448114,4.088379550086086,18.50450680661987
S. Abdulla,MU,19.571428571428573,7.0,4.1357142857,0.14574309906519264,20.93895091958719,0.1257136944603369,0.0596309617853626,0.0660827326749743,1.8571428571428572,1.4000000000000001,79.94186046511628,83.33333333333334,1.5988372093023255,0.3333333333333333,3.804367953094847,0.0,7.949656863289844,3.6635065950298156,13.189686365657009,16.835016835016837,5.495259892544723,25.252525252525253,0.6666666666666666,1.3333333333333333,-5.902699343989566,14.993010316764158,,0.0,19.398230088495577,106.5351629142754,87.63182122643273,45.244068670031226,0.7381490208706633,61.95951836019715,0.7883326763894364,0.3260154781915736,11.001235469082573,8.25092660181193,7.798929203564335
N. Agemenyi,MU,18.9,10.0,5.88166666665,-0.20805211417448158,3.7100297621100657,0.02571814873961116,-0.05605706228613744,0.0817752110257486,1.6,0.24000000000000005,31.98294243070362,32.35294117647059,0.6396588486140724,0.23529411764705882,18.72538150898739,12.568756074537143,25.43372083165721,0.9016025723381752,2.9469394425772952,4.393673110720562,2.7048077170145257,13.181019332161686,0.3333333333333333,0.3333333333333333,-4.067493415898249,16.253202502102916,,0.0,18.732743362831858,76.09730443070013,94.50597914169158,35.76912284723475,0.5773568242776961,43.308137520947916,-0.1970831690973591,0.38095238095238093,2.4198890573826146,1.814916793036961,11.091361434413894
L. Benitez,JRU,18.88888888888889,9.0,10.900000000011111,-0.22750335121290244,6.158616351300022,-0.060973107934580356,-0.15141763760327373,0.09044452966869337,4.111111111111111,0.9111111111111114,43.35260115606936,47.368421052631575,0.8670520231213872,0.21052631578947367,17.19646096831519,12.078687156500022,22.78587275886626,1.5678607896693935,5.319148936163926,8.630609896432679,5.748822895454443,31.645569620253163,0.2727272727272727,0.2727272727272727,-9.175380974317825,13.754798371792038,,179.09832946014936,18.88888888888889,69.71147865009858,98.17711668598298,34.20418657775743,0.6469029740591656,48.08379486533112,-0.10040160642570281,0.7143844592397374,-0.6143668572183613,-0.460775142913771,21.260390943485586
M. De Leon,JRU,18.5,2.0,14.125,0.00541329544523265,11.205158366191775,0.06741739676063042,0.05050503967935607,0.01691235708127435,6.5,2.5999999999999996,54.87804878048781,50.0,1.0975609756097562,0.8333333333333334,19.90528402352141,3.8130948030695415,37.480478917230606,0.0,0.0,0.0,1.814833551229785,10.869565217391305,0.0,0.0,-3.5402354909793354,13.836049827826402,,0.0,18.5,105.90552268834553,100.64567021157409,55.07548624582156,0.5889979271736083,57.80891057280646,0.4350736278447122,0.3260154781915736,11.898942329680287,8.924206747260214,27.550735970314477
J. Bonzalida,SBU,18.375,8.0,5.166666666675,0.028054951947473032,12.184285163249916,0.1464181998522338,0.0649782772292133,0.08143992262302051,2.0,0.8625,42.857142857142854,42.857142857142854,0.8571428571428571,0.0,13.034331361647371,8.274193548373752,17.2996878251542,2.7731161461071396,10.175542993136212,11.76470588235294,1.3865580730535698,5.88235294117647,2.0,1.0,0.8857789033044474,17.61726159206103,,63.72607477182495,18.052631578947366,99.77595952109594,89.90361473168608,42.00373610200842,0.6290620076420654,43.4510563342685,0.4280821917808219,0.38095238095238093,6.549991975919582,4.9124939819396864,9.015129076037669
E. Ryan,MU,18.181818181818183,11.0,6.9378787878727275,-0.09072873983816936,8.430420173729464,0.1614300852853329,0.08518269605128023,0.07624738923405266,1.7272727272727273,0.8545454545454544,34.96503496503497,36.36363636363637,0.6993006993006993,1.2727272727272727,12.266781097035143,12.454255816385103,12.062506199169096,2.0845744558474664,6.449174543712751,14.880952380952381,0.0,0.0,inf,inf,2.686959273330443,9.878212254629492,,95.56837151127411,18.020917135961383,101.22123559745901,97.52007197448674,53.18045681900265,0.5068547186678628,61.127214799640655,-0.2364998029168309,0.4333570896870438,0.7407135327248454,0.555535149543634,13.083114971606888
J. Royo,SBU,18.083333333333332,12.0,9.866666666675,-0.435834791876158,3.4211154419735,-0.07408741287625542,-0.22063323595343295,0.14654582307717753,1.0833333333333333,0.4416666666666666,32.05128205128205,32.0,0.6410256410256411,0.28,5.460328002856473,3.851351351348099,6.902063353670429,5.324507915671516,17.288920752203502,22.41238793806031,4.84046174151956,20.37489812550937,1.1,0.4,-2.4737969371584665,15.613231955114253,,22.246715291983016,17.766081871345026,67.60901228014728,95.59736931927728,30.750994809620213,0.5007881959157117,41.56015483488973,0.1284246575342466,0.3260154781915736,-5.59002498368332,-4.19251873776249,17.21598842906516
N. Moralejo,LPU,17.642857142857142,14.0,8.3238095238,0.27879988692174706,15.628819559897192,0.2734324789492272,0.2781720191718468,-0.004739540222619629,3.0,2.257142857142857,59.01287553648068,54.6875,1.1802575107296136,0.375,5.4716589990414946,2.7263300915363,8.236186010794977,3.4994845894594513,12.156358672383286,15.302218821729149,3.06204901577702,13.389441469013006,1.1428571428571428,0.7142857142857143,-1.3988772760900683,16.698801273032227,,0.0,17.353629976580795,107.61553989561969,105.53258319203279,47.92854580621731,0.46198682809790587,52.27975376436301,1.841359773371105,0.785629301801026,3.1491887824460063,2.3618915868345045,16.328935213766357
K. Barroga,SSCR,17.5,2.0,7.15,-0.06477790203703401,1.7148543290602551,-0.009121624669060458,-0.016168757901576476,0.0070471332325160166,2.0,-0.04999999999999982,50.0,50.0,1.0,0.0,7.270835673202536,0.0,16.573022353369172,6.8471136905356635,21.396886144211532,28.57142857142857,6.8471136905356635,28.57142857142857,1.0,0.5,-4.34367947740732,14.452440051278666,,0.0,17.073170731707318,74.04953355099444,101.35991100142478,26.775111414508217,0.6082075940123507,43.28822157736609,-0.11318619128466327,0.13468700594029479,0.8069608133248186,0.6052206099936139,14.604693965900367
J. Arciaga,CSB,17.0,2.0,3.50833333335,-0.03930570067749568,-0.43954275934313186,0.015956871012735897,0.0,0.015956871012735897,1.0,-0.10000000000000003,0.0,0.0,0.0,0.0,14.770028071620613,0.0,26.988423386682182,0.0,0.0,,0.0,,,,0.0,0.0,,0.0,16.70175438596491,,87.54235737578499,,0.6222591544615782,25.0,0.0,0.08008537288130614,8.839059134094072,6.629294350570554,6.677009145826656
J. Garcia,MU,16.833333333333332,6.0,6.0,-0.32122272174548816,-7.114935297456423,-0.09091971896408016,-0.09731869636694687,0.0063989774028667176,-0.5,-0.8166666666666665,25.188916876574307,20.0,0.5037783375314862,0.13333333333333333,3.0593458956032054,2.9335410176531673,3.1964245304367505,2.9460698868263004,9.161666936922328,10.060362173038229,2.9460698868263004,10.060362173038229,1.0,0.0,-1.8987016223100854,21.819534295430046,,0.0,16.684365781710913,63.92156477379696,103.84751676624637,23.350366919659873,0.3588505908270712,34.85019073182406,-0.9854158454867954,,-12.641295517448157,-9.480971638086118,11.314508689147964
H. Montemayor,UPHSD,16.4,15.0,9.11444444444,0.03551745866242557,11.342175486369696,0.4073263213760829,0.2364792205762868,0.17084710079979606,2.8666666666666667,1.6733333333333333,58.39822024471635,53.125,1.167964404894327,0.28125,6.894313550418339,3.2277055135212787,10.207229493724043,2.8432348370578717,10.47513844159192,13.736263736263735,3.249411242351853,15.698587127158556,0.875,0.5,-2.5559264359248997,14.928512640109744,,0.0,15.870967741935482,104.0478602873388,95.35701477708443,41.94091194807469,0.49535601319400274,50.30193829211629,1.757066462948816,0.7996170519737711,3.1979101776782035,2.3984326332586527,16.413229768581655
R. Calimag,SBU,16.0,8.0,7.92708333335,-0.23662273406887235,3.3202097953624166,-0.013028460666503289,-0.10716772811918107,0.09413926745267778,1.125,0.28749999999999987,33.96739130434783,36.84210526315789,0.6793478260869565,0.3684210526315789,12.743157073667408,5.392904073576047,19.32940528163458,2.711167427993038,9.138683530751885,10.31636863823934,3.614889903990717,13.755158184319122,0.75,0.0,-3.463965855759193,19.964192591421853,,0.0,15.719298245614034,71.75973368223599,93.6797314627115,28.349632202931048,0.5439903946737218,45.43801623345438,0.04280821917808219,0.24743582965269675,0.5428630538951188,0.4071472904213391,13.831679892879082
D. Miller,AU,16.0,3.0,7.4444444444333335,-0.05262865288130197,6.0834212406757535,0.00886777483508022,0.009144973495365381,-0.0002771986602851602,1.0,0.7666666666666667,36.98224852071006,30.0,0.7396449704142012,0.8,9.3140435927917,4.342358161504238,15.062554872717827,0.0,0.0,0.0,0.0,0.0,,,0.0,12.905667652474683,,0.0,15.737704918032787,90.5073134290563,105.31321059033763,40.72091021681334,0.3918014383585446,49.868471632300846,0.09603072983354674,0.10854795509308464,0.16904212902517432,0.12678159676888073,14.90524899484402
K. Culdora,SBU,16.0,3.0,2.2944444444333336,-0.07981548154799221,-12.486893643424882,-0.043481219212991286,-0.04572372917746623,0.002242509964474938,-0.6666666666666666,-0.5333333333333333,34.72222222222222,50.0,0.6944444444444444,1.0,0.0,0.0,0.0,0.0,0.0,0.0,8.326063005314895,25.773195876288664,0.0,0.0,-15.956888718226713,27.36405777958715,,0.0,15.719298245614034,46.790965188157955,102.68484622976679,23.395482594078977,0.34111540622218317,57.91848424867128,-0.3424657534246575,,-19.976934982552983,-14.982701236914737,4.003492804709163
A. Pantaleon,MU,15.6,5.0,1.24,-0.11551224610161553,-26.628324945846327,-0.06942989160771479,-0.08461484521593937,0.015184953608224586,-0.6,-0.5799999999999998,0.0,0.0,0.0,0.0,0.0,0.0,0.0,0.0,0.0,0.0,8.553106123044097,25.0,0.0,1.0,-16.53707864592655,28.343192416666,,0.0,15.461946902654867,0.0,86.34886803994485,0.0,0.768158349071202,22.861723469238974,-0.3941663381947182,,-22.901619584174718,-17.17621468813104,2.338331795757246
W. Miller,AU,15.545454545454545,11.0,8.954545454554546,-0.00032900585193899754,10.813286276523892,0.04189329286624115,-0.019931689875886813,0.06182498274212796,2.6363636363636362,1.6272727272727279,41.053227633069085,39.705882352941174,0.8210645526613817,0.08823529411764706,10.03111463079027,6.891932242776246,13.660794266931488,2.0282282090881534,7.02754856640013,8.8261253309797,3.04234231363223,13.239187996469552,0.6666666666666666,0.8333333333333334,-3.243040259087989,17.885925247413077,,0.0,15.290611028315945,83.47420235947655,100.34438166734475,40.416859890185826,0.5060601676824137,42.82368322308836,1.2483994878361075,0.5950852744908703,-0.24432702853826047,-0.18324527140369534,17.928769652594788
J. Panelo,LPU,15.5,14.0,6.727380952378572,-0.055378218133908176,9.63815375916622,0.10623439352389172,0.08738180946875468,0.018852584055137036,2.2857142857142856,1.0714285714285712,45.91836734693878,42.0,0.9183673469387755,0.4,13.540201635557564,7.871025777151373,19.249022080386176,1.0824808108954675,3.6159344152500843,5.649717514124294,2.164961621790935,11.299435028248588,0.5,0.25,-2.769336376404609,15.584765189058878,,25.458843484047573,15.245901639344263,94.42887672507706,103.66297385870554,46.16991571692555,0.5051523533202033,48.832964749982544,0.7365439093484419,0.6406829830504491,2.5105094956632246,1.8828821217474183,13.197198640312731
W. De Leon,JRU,15.461538461538462,13.0,9.397435897438461,-0.17772965830202594,7.895825812930631,-0.020891123594531838,-0.018392114245991475,-0.0024990093485403623,2.0,1.2769230769230768,35.94249201277955,22.22222222222222,0.7188498402555911,0.8888888888888888,11.507318014958932,10.580947925567983,12.519059465529047,2.5179887061394104,7.952871870395301,11.867088607594937,2.9376534904959786,13.844936708860759,0.8571428571428571,0.7142857142857143,-2.4559478133185553,15.496556359445707,,0.0,15.461538461538462,83.82735412733714,105.3730507750161,43.04395590122041,0.478107403498845,48.603998434711826,0.535475234270415,0.5482904938570397,-1.3315510679376268,-0.9986633009532201,18.329647802356273
C. Delfino,CSJL,15.363636363636363,11.0,8.056060606054546,-0.43304115463389614,0.9977763308468758,-0.18502366195342038,-0.23728619589511873,0.05226253394169836,0.9090909090909091,0.027272727272727337,21.04377104377104,18.181818181818183,0.42087542087542085,0.18181818181818182,6.090543481125359,6.834156348006944,5.492873326435488,5.402495644697796,17.496592700591236,23.219814241486063,3.6016637631318638,15.47987616099071,1.5,0.8333333333333334,0.0,15.546232682281623,,48.97812049404976,14.749090909090908,59.17640291686933,100.52605496917023,28.871858855718607,0.5046388402333926,35.46641532881842,-0.6842619745845552,0.2677815834239758,-5.878527903446634,-4.408895927584975,15.144516016126943
R. Danag,UPHSD,15.0,1.0,0.9333333333,-0.00502421227179403,0.0,-2.0366499872472887e-05,0.0,-2.0366499872472887e-05,0.0,0.0,0.0,0.0,0.0,0.0,0.0,0.0,0.0,0.0,0.0,,0.0,,,,0.0,0.0,,0.0,14.516129032258064,,105.38903123100545,,0.270925801419193,25.0,0.0,0.0,-8.42364,-6.317730000000001,1.6807403395249199
R. Colian,LPU,15.0,1.0,1.5166666667,-0.01735543597325254,-12.180720640969833,-0.0007744175634271808,0.0,-0.0007744175634271808,0.0,-0.4,0.0,0.0,0.0,0.0,0.0,0.0,0.0,0.0,0.0,,0.0,,,,0.0,0.0,,0.0,14.754098360655737,,109.1806164738714,,0.3777610650831558,25.0,-0.056657223796033995,0.0,-8.787909888112576,-6.590932416084432,2.9752665135611203
A. Fermin,MU,15.0,11.0,3.2515151515,-0.08718879592853239,5.920200937078284,0.06600185612690963,0.0378665873600043,0.028135268766905332,0.7272727272727273,0.2999999999999999,41.82156133828997,33.33333333333333,0.8364312267657993,0.4444444444444444,9.237913049208364,0.0,19.303663520341715,0.0,0.0,0.0,0.0,0.0,,,0.0,13.216433265443381,,0.0,14.867256637168142,99.53341140845743,99.15680507970535,49.76670570422871,0.46857018775239573,44.99999999999999,0.2364998029168309,0.22651564095289925,2.616176747562003,1.962132560671502,6.131549405757167
J. Libang,AU,14.818181818181818,11.0,6.975757575772727,-0.030421959127250688,10.023108542411281,0.03544027644456077,-0.021956862045312334,0.0573971384898731,2.090909090909091,1.0999999999999999,41.60636758321273,44.0,0.8321273516642547,0.24,11.521172515368017,8.846941693040941,14.613251903683699,1.9526762677612601,6.901614902440907,8.417508417508419,3.2544604462687667,14.029180695847362,0.6,0.8,-3.7466835660445392,18.136497254600076,,0.0,14.575260804769002,82.83505260039414,99.41017451579116,41.82554881674099,0.5275423566883279,47.155773227040996,0.4801536491677337,0.5001227174488009,0.4389808889772802,0.3292356667329602,13.96684525899186
G. Gelsano,UPHSD,14.666666666666666,3.0,8.461111111100001,-0.029150957377683726,8.511657610142302,0.06892553243646847,0.008717877376925599,0.060207655059542876,3.3333333333333335,1.0666666666666667,50.0,50.0,1.0,0.0,12.37777501731852,4.3461701128425645,19.63462703711834,2.187698655698806,7.799952193853234,16.666666666666664,2.187698655698806,16.666666666666664,1.0,1.0,-1.3766424526532677,9.145378176641909,,107.31755726790514,14.193548387096774,91.11366554925631,86.50198283475805,44.62923345401443,0.6934554384907249,45.322309358643814,0.22918258212375858,0.2677815834239758,6.98412911460499,5.238096835953742,15.23671153086019
J. Manacho,EAC,14.333333333333334,9.0,4.394444444455555,-0.038527250793320394,8.861977899004344,0.043939042172623115,-0.02497810811568888,0.068917150288312,1.4444444444444444,0.6888888888888888,39.0625,36.36363636363637,0.78125,0.6363636363636364,14.540167211886175,2.376990729730144,27.187345526377133,2.553259312452612,9.132420091296893,11.061946902654867,2.553259312452612,11.061946902654867,1.0,0.0,-1.6455405964425014,17.03101169289034,,59.72288580969134,14.206489675516224,79.50971300412824,91.79277366051586,41.80968169311726,0.6175703788283442,48.92799240874197,0.6990291262135923,0.3260154781915736,5.561117864833074,4.170838398624806,8.703472504277672
D. Culanay,LPU,14.25,4.0,1.87083333335,0.03588455005908117,20.458478256317672,0.018047286158937775,0.011482275948371251,0.006565010210566526,0.75,0.65,50.0,50.0,1.0,0.0,0.0,0.0,0.0,0.0,0.0,0.0,0.0,0.0,,inf,0.0,23.490526674727857,,0.0,14.01639344262295,97.50923868672857,98.40661981433011,48.75461934336428,0.6265110131403394,45.0,0.11331444759206799,0.10854795509308464,7.209240161774537,5.406930121330903,3.6700402872842957
K. Flores,AU,14.166666666666666,6.0,6.24444444445,-0.11915658331491893,4.427524934267598,-0.06188204884095917,-0.061368897116539395,-0.0005131517244197748,0.6666666666666666,0.3500000000000001,35.24945770065075,36.11111111111111,0.7049891540130151,0.05555555555555555,4.163974115094911,5.1768326836315115,2.992856395224467,1.3330547948968519,4.855502372026729,4.664179104477611,2.6661095897937037,9.328358208955223,0.5,0.5,-3.4103857528847725,23.26072055721974,,59.42021456212081,13.934426229508196,73.61875276707597,105.32318074921868,34.13530584714732,0.391572173535271,40.64661691705565,-0.22407170294494239,0.13468700594029479,-9.669017114926897,-7.251762836195173,12.502611843466111
S. Mosqueda,JRU,14.166666666666666,12.0,8.399999999991666,-0.234404051708527,6.145871587950331,-0.10694677238964162,-0.10154602938800815,-0.0054007430016334654,1.1666666666666667,0.875,34.079844206426486,31.57894736842105,0.6815968841285297,0.18421052631578946,5.578613826042041,3.2059502436553995,8.169934640530983,2.0344860246941385,7.117437722428371,8.149959250203748,2.0344860246941385,8.149959250203748,1.0,1.25,-1.3229054579400192,19.000547593440174,,21.787631597316466,14.166666666666666,76.52154920596286,105.62596538928264,36.33447206154504,0.4721747662498146,40.52730538466281,0.33467202141900937,0.3446487693047804,-3.755392798906856,-2.816544599180142,16.384154488524747
R. Cauguiran,UPHSD,13.833333333333334,6.0,4.93055555555,0.02542283291894941,12.547320366213382,0.09200906779971976,-0.02793714304975401,0.11994621084947378,2.5,0.9666666666666662,39.267015706806276,20.0,0.7853403141361256,1.2,23.011039208248235,14.91654553658139,30.324713554673906,1.8771070719034708,6.1452052531666785,8.59106529209622,5.631321215710412,25.773195876288657,0.3333333333333333,1.0,-8.26838602125845,16.69839917144395,,92.08148716562764,13.38709677419355,77.08727295078108,73.22618999986105,38.94572362129996,0.9904534558982724,52.57547880338868,0.3437738731856379,0.362951962967582,15.281155125185347,11.460866343889009,8.878911020118805
D. Garcia,JRU,13.8,5.0,6.71999999998,0.004297508685056047,11.07708310883894,-0.013004319912138837,-0.06004497373822441,0.04704065382608557,2.2,1.22,43.68279569892473,42.857142857142854,0.8736559139784946,0.14285714285714285,8.367920739079663,3.20595024366176,14.005602240938043,1.525864518523631,6.097560975634543,5.030181086519114,6.103458074094524,20.120724346076457,0.25,1.0,-9.92179093456983,23.872915166250824,,65.36289479207908,13.8,73.27177174256883,94.52686322269915,37.0510234207754,0.7325272458217174,43.40103981592301,0.2677376171352075,0.2876240645017732,2.194533804586096,1.645900353439572,13.107323590793792
J. Tagala,SBU,13.75,4.0,4.05833333335,-0.049447564570906155,4.697437076769208,0.01741901289853301,-0.02107209725296627,0.03849111015149928,0.75,0.3,0.0,0.0,0.0,0.0,9.956409171500471,0.0,18.877922766034942,0.0,0.0,0.0,0.0,0.0,,inf,0.0,2.9904728780426004,,0.0,13.50877192982456,0.0,86.78865470911005,0.0,0.6992385123235005,25.0,0.2568493150684932,0.10854795509308464,7.880534793983375,5.910401095487531,7.081238483937571
B. Angeles,EAC,13.727272727272727,11.0,4.742424242427273,-0.10470700065996309,6.785602466586748,0.06456541953358544,0.005962108047138693,0.05860331148644675,1.6363636363636365,0.509090909090909,65.40697674418605,75.0,1.308139534883721,0.3333333333333333,11.023583640214403,3.6042166144794177,18.738184993963063,5.807237394691529,19.892420537882913,33.557046979865774,4.839364495576275,27.96420581655481,1.2,0.0,-1.8713424131144247,9.539469944168633,,0.0,13.605792437650845,86.80811848610614,96.56253890860768,38.345351835354904,0.5080507577096436,59.511002199001815,0.6213592233009708,0.4161358043205629,2.483066117430239,1.8622995880726791,9.39266829272646
O. Gordon,LPU,13.454545454545455,11.0,6.640909090918182,-0.4067688502863163,-0.37240779020364745,-0.20047998635417255,-0.23918172137926527,0.038701735025092714,0.5454545454545454,-0.11818181818181825,26.37987012987013,22.727272727272727,0.5275974025974026,0.2727272727272727,8.728688049555553,2.89946003497968,14.598679896401185,2.0934630603558344,6.430043411567683,9.191176470588234,3.4891051005930573,15.318627450980394,0.6,0.8,-4.016817213304795,17.831416015242894,,0.0,13.23397913561848,56.18590381164819,101.10410937278073,25.199258047594935,0.5642313959515632,37.889433913665854,-0.39660056657223797,0.18255517264179213,-2.598820480632853,-1.9491153604746398,13.027565563106528
N. Sevilla,UPHSD,13.25,4.0,5.895833333325,-0.13984519907032722,-1.0989618430426145,-0.0815348767349556,-0.12471036714714943,0.04317549041219383,0.5,-0.07499999999999996,30.0,30.0,0.6,0.0,11.102091490799763,4.677891930643032,16.906593344188963,0.0,0.0,0.0,7.064024846564556,23.076923076923077,0.0,0.3333333333333333,-13.335433285173306,25.59283993206379,,0.0,12.82258064516129,50.74527526452871,90.77191080094026,25.224956047926355,0.5979311894910231,36.16957217448746,0.03819709702062643,0.08008537288130614,-8.17693599625858,-6.132701997193935,10.6171766987024
J. Pascual,SSCR,13.0,3.0,16.872222222199998,-0.2899822964657125,-0.6952666953608779,-0.08179938349940358,-0.022024644901406428,-0.059774738597997146,1.0,-0.4000000000000001,34.01360544217687,20.0,0.6802721088435374,0.4,1.0270623983562717,0.0,2.341069012052927,3.868833418826038,11.228048822249173,33.670033670033675,1.9344167094130187,16.835016835016837,2.0,0.0,1.2271573894041448,6.434871602530511,,0.0,12.682926829268293,75.4344373950718,114.45940151166606,33.65102457910707,0.30133084605582766,38.51639582264674,-0.2829654782116582,0.10854795509308464,-7.983399642021658,-5.987549731516244,34.46344644474048
R. Jalbuena,SBU,12.4,5.0,5.7700000000000005,-0.19844184299811293,-3.005584208880658,-0.10035409351586402,-0.15110304092609153,0.050748947410227514,0.2,-0.4000000000000002,22.831050228310502,28.57142857142857,0.4566210045662101,0.5714285714285714,9.337129340536572,7.902946273830156,10.622239615363112,5.959556362527555,19.725458530395663,19.03553299492386,7.94607515003674,25.380710659898476,0.75,0.25,-7.614321248521917,21.471007880968692,,91.30021111171622,12.182456140350876,50.3553282104366,91.54550558588396,23.786235012334092,0.592072075064781,44.59407046725685,-0.5565068493150684,0.047619047619047616,-9.620513596436709,-7.215385197327532,10.067863503610345
J. Pradella,CSJL,12.142857142857142,7.0,4.3357142857,-0.18084750268415797,-1.1570504249210953,-0.05308046441072338,-0.07069020293329228,0.017609738522568908,0.42857142857142855,-0.17142857142857146,25.773195876288664,33.33333333333333,0.5154639175257733,0.6666666666666666,12.448321681745256,3.9909071172372665,19.245869836396533,1.7527042127604624,5.88686851563601,10.245901639344263,1.7527042127604624,10.245901639344263,1.0,0.0,-1.0940922982162655,13.361433587422749,,0.0,11.657142857142857,57.492959766958585,100.60191485345645,28.054774223438766,0.5028944930774506,48.69333870359067,-0.22808732486151842,0.10854795509308464,-0.03889233820892592,-0.029169253656694438,8.150670365089535
B. Rosalin,AU,12.0,3.0,1.7444444444333334,-0.009559270635434814,7.148509431080314,0.010391621606059297,0.008401068456110224,0.001990553149949072,0.6666666666666666,0.19999999999999998,0.0,0.0,0.0,0.0,9.936957336307124,0.0,21.426564256412234,9.543653436146103,26.919286271335462,100.0,0.0,0.0,inf,,12.207877663281241,0.0,,0.0,11.803278688524589,215.24249422632792,102.26417178196073,100.0,0.4619143976299356,25.0,0.06402048655569782,0.08008537288130614,7.769859364690857,5.827394523518143,3.4927225256404455
I. Suico,SSCR,11.9,10.0,9.33666666668,-0.45910916227557386,0.9362861530961919,-0.13435932029818612,-0.10421101446276892,-0.0301483058354172,0.9,-0.029999999999999895,32.467532467532465,29.545454545454547,0.6493506493506493,0.2727272727272727,6.1247899931798955,3.968032071156526,8.884110340431375,1.0487010971922903,3.1970334302213312,6.5274151436031325,2.0974021943845806,13.054830287206265,0.5,1.0,-2.6611045995074316,12.679098310330938,,0.0,11.609756097560975,71.11157326027919,107.74405165504884,30.687289917746767,0.45864877561788664,41.178346774726066,-0.7357102433503112,0.24743582965269675,-3.668907877912448,-2.751680908434336,19.071211094892934
D. Ednilag,EAC,11.75,4.0,5.170833333325,0.04474537045563768,15.168341399644321,0.06624662129529321,0.02686002955754458,0.03938659173774864,2.5,1.2499999999999998,70.92198581560282,100.0,1.4184397163120566,2.0,13.901618369842362,13.635614024995126,14.178207662667944,0.0,0.0,0.0,4.882259748972709,26.17801047120419,0.0,0.5,-9.439648272459845,15.472971229173742,,114.2001676285127,11.646017699115044,97.87002774550416,90.54680370198727,52.76486641722795,0.6461793670459356,96.50655786775584,0.0,0.2677815834239758,6.203283096519054,4.65246232238929,10.241159334162965
E. Umpad,EAC,11.636363636363637,11.0,8.3818181818,-0.4396579835383262,1.2352652178530088,-0.1447206627764844,-0.21409601596099262,0.06937535318450821,1.4545454545454546,0.09090909090909091,43.604651162790695,50.0,0.872093023255814,0.3333333333333333,10.39522077427331,10.196310559790545,10.60204610109709,1.0952430131016833,3.677906522597064,7.204610951008646,6.571458078610099,43.22766570605188,0.16666666666666666,0.0,-11.293905525311349,11.70350185143408,,102.47462619455048,11.533386967015286,58.850994153785244,99.42019437895482,28.36910271616065,0.4424355066183225,50.39639759230559,-0.3883495145631068,0.38095238095238093,-9.608119032837156,-7.206089274627867,16.600715972912734
R. Samontanes,JRU,11.333333333333334,9.0,5.931481481466666,-0.28251057473441965,0.18285503807177583,-0.1936640991757865,-0.2027466470627067,0.00908254788692021,0.3333333333333333,9.868649107779169e-17,12.5,12.5,0.25,0.0,4.213481913200507,2.0178569126503327,6.61144882556609,7.68315421627766,23.128814648308715,32.0,4.8019713851735375,20.0,1.6,0.8,0.624487371966381,13.52963172398884,,0.0,11.333333333333334,44.60383963407241,103.91775022198041,18.20623285703973,0.5122444987177669,29.20307853623668,-0.03346720214190094,0.10854795509308464,-5.111695365394609,-3.8337715240459564,11.56932249265118
A. Acop,AU,11.25,8.0,5.383333333325,0.07472919217879163,14.307747901229188,0.0667855261969316,0.03451574878530146,0.032269777411630125,2.0,1.3374999999999997,30.48780487804878,23.076923076923077,0.6097560975609756,0.3076923076923077,10.867585693602374,11.25921040328174,10.414769623035609,8.118014803617646,25.38966495953111,30.755711775043938,1.1597164005168066,4.393673110720562,7.0,3.0,8.15905755587657,15.602790714366316,,0.0,11.065573770491802,92.49074968223182,99.40015769793591,45.259664286317516,0.5277726944394853,40.80806682668099,0.6081946222791293,0.38095238095238093,3.6553606558219847,2.7415204918664884,10.778497220897801
A. De Leon,AU,11.166666666666666,6.0,4.5749999999833335,0.12342839309708097,19.85792605195033,0.11032845136741229,0.07750943373120736,0.03281901763620493,2.1666666666666665,1.5833333333333333,59.171597633136095,50.0,1.183431952662722,0.8,5.683432793427922,3.532944709428168,8.169934640552638,9.097471702919568,28.595939376724612,36.337209302325576,3.6389886811678274,14.534883720930234,2.5,1.5,4.654855599586957,13.60658334969216,,0.0,10.983606557377048,113.47149504358802,95.93563454399973,50.77588542763627,0.6074397587350776,56.79684177159368,0.6081946222791293,0.3260154781915736,9.9081766871039,7.431132515327925,9.16005413972213
K. Tagotongan,CSJL,11.166666666666666,6.0,5.3249999999833335,-0.2602334819365174,-5.551496046761728,-0.0984941247346742,-0.10364170615204737,0.005147581417373174,0.3333333333333333,-0.6166666666666666,35.714285714285715,35.714285714285715,0.7142857142857143,0.0,6.757103743186338,0.0,12.188046938644517,3.3298637156351334,11.118572908968662,15.384615384615385,6.659727431270267,30.76923076923077,0.5,0.0,-8.314416588634284,15.937840243961201,,0.0,10.719999999999999,53.33219178696375,103.93540022632737,21.742190192565943,0.42624323287247656,37.62078242789672,-0.39100684261974583,0.08008537288130614,-8.462106585643019,-6.346579939232264,10.010419698806016
R. Maliwat,SSCR,11.125,8.0,7.8416666666625,-0.1829600653876815,4.9578895096264315,-0.03651600876736038,-0.0005347146934960073,-0.03598129407386437,1.375,0.5750000000000004,40.625,40.625,0.8125,0.0,4.972138953993962,2.9528315173568562,7.555607427841821,3.12158530631388,9.902850088567988,17.391304347826086,2.34118897973541,13.043478260869565,1.3333333333333333,0.6666666666666666,-0.49506867582591146,12.518792652288523,,0.0,10.853658536585366,85.13835229097437,109.7058188302357,33.81126072686155,0.41269120723012853,41.255269058537515,0.056593095642331635,0.2876240645017732,-3.4222141711267606,-2.5666606283450704,16.017502356532564
M. Pascual,SSCR,11.0,12.0,10.229166666666666,-0.3725707669120578,4.71924854180663,-0.07012038097479392,0.045690863589211345,-0.11581124456400527,1.4166666666666667,0.8083333333333331,36.36363636363637,36.36363636363637,0.7272727272727273,0.0,2.964605502597043,0.0,6.757472658135455,3.5895052218816295,10.867057697499204,28.125,0.3988339135424033,3.125,9.0,1.0,3.7951904191603667,7.744859524017195,,19.12283702056871,10.73170731707317,92.97241924439528,112.60094147558621,36.26360288187439,0.34486827765543593,39.445746067068946,0.5942275042444821,0.39867352517108046,-3.244011085530929,-2.433008314148197,20.894244572427386
L. Pallingayan,LPU,10.88888888888889,9.0,3.1148148148222226,-0.03591948704609676,8.244559965666488,0.0010995004539368198,-0.0012623754125539628,0.0023618758664907826,1.0,0.4222222222222223,64.43298969072166,66.66666666666666,1.288659793814433,0.6666666666666666,7.581815243987985,3.777744748306513,11.412487631247648,9.09200217353385,28.670533271842856,38.81987577639752,7.273601738827081,31.055900621118017,1.25,0.25,-2.326028517095672,12.353195933253701,,0.0,10.710382513661202,84.78868416806033,104.5628187514891,41.4635720147512,0.4843767416866869,60.6038151816212,0.254957507082153,0.24743582965269675,-1.1001813580541313,-0.8251360185405985,6.110376405020414
J. Baliling,CSJL,10.166666666666666,12.0,2.7125,-0.19331695634648358,-1.1175447697828587,-0.08943370318373296,-0.09765535396159528,0.008221650777862308,0.16666666666666666,-0.08333333333333338,20.0,20.0,0.4,0.0,13.265097670914153,11.163505162004787,14.954228098635697,1.6342418696499161,5.445650232420353,6.25,0.0,0.0,inf,,2.040288863333594,21.332802504942045,,0.0,9.76,61.034624286767624,103.20785736626155,22.39601708958811,0.4429725929383789,35.23270103240096,-0.22808732486151842,0.08008537288130614,-3.2080747384269075,-2.4060560538201807,5.099204400581465
M. Sarza,CSJL,10.0,2.0,3.2166666667,-0.09735932773042182,-19.598484259500506,-0.0733001413614914,-0.0814178354412206,0.008117694079729188,-1.0,-1.1500000000000001,0.0,0.0,0.0,1.0,25.168460898018335,18.827569586502086,30.26487821381644,0.0,0.0,0.0,8.268586454386558,25.773195876288664,0.0,0.0,-15.484523899154986,27.91922237856198,,0.0,9.6,15.346569210105503,95.18066944428757,6.980403820618227,0.627552394946491,41.698367303703776,-0.22808732486151842,,-13.936868853018419,-10.452651639763815,6.046982791535615
A. Sollano,SBU,10.0,3.0,1.6277777777666669,-0.03660866423453635,-4.248276132133856,0.0013103547685696616,0.0,0.0013103547685696616,0.0,-0.13333333333333333,0.0,0.0,0.0,0.0,0.0,0.0,0.0,0.0,0.0,,0.0,,,,0.0,0.0,,0.0,9.82456140350877,,103.13139431001049,,0.3310551861177235,25.0,-0.08561643835616438,0.0,-8.55083536062043,-6.4131265204653225,2.8402503432868245
J. Devera,EAC,9.833333333333334,6.0,3.0972222221999997,-0.029099826938719382,7.6725209606863345,0.03568623159107118,-0.04778013384528841,0.08346636543635959,0.8333333333333334,0.3499999999999999,17.36111111111111,0.0,0.3472222222222222,1.0,5.157521194938818,0.0,10.52027247202918,2.7169884970891656,8.21718579572009,20.491803278688526,2.7169884970891656,20.491803278688526,1.0,5.0,-1.751061809594595,8.745990456951187,,0.0,9.746312684365781,41.41756002834545,70.61561099377667,22.54124663731238,1.1038238338716995,39.320752875727706,-0.07766990291262135,0.15922388213724334,15.706103295935698,11.779577471951773,6.134242630957927
K. De Jesus,JRU,9.8,10.0,6.470000000010001,-0.26836246851816004,2.482927948675923,-0.095934205605597,-0.08468934152440703,-0.011244864081189968,1.2,0.1799999999999998,34.1130604288499,35.294117647058826,0.682261208576998,0.47058823529411764,13.036884242587574,8.324569411634315,18.18347122462868,2.3772356022640886,8.078994613989085,10.901162790697674,3.1696474696854517,14.534883720930234,0.75,0.0,-3.0915503128287987,16.10122531285239,,33.94425448228634,9.8,73.13004346961543,106.54392747248549,37.78590881200417,0.4506420601869407,47.0489726031408,-0.33467202141900937,0.307019980521012,-3.7197975745051077,-2.7898481808788307,12.619699945360015
D. Paulo,LPU,9.6,5.0,5.0600000000000005,-0.03959034373048669,7.674680201649081,-0.008811226428512241,0.0017292921644247485,-0.01054051859293699,0.8,0.5999999999999998,35.425101214574894,38.88888888888889,0.7085020242914979,0.2222222222222222,4.200465494208866,8.371761089152393,0.0,6.044564290877591,20.62692320697934,21.613832853025936,2.0148547636258636,7.204610951008646,3.0,1.0,3.8659881084626737,18.89888696809435,,0.0,9.442622950819672,85.77946617347585,108.4510336993159,37.265082244674765,0.39460566630301763,45.05952741581291,-0.056657223796033995,0.13468700594029479,-5.200642052718325,-3.9004815395387435,9.926273774695643
K. Caduyac,LPU,9.555555555555555,9.0,5.453703703711111,-0.3720129159579085,-4.414213128849856,-0.09336011580100279,-0.05863366086448122,-0.034726454936521566,-0.1111111111111111,-0.5333333333333334,30.219780219780223,21.875,0.6043956043956045,0.3125,2.165129582411001,2.1576117713609633,2.172699965566285,0.0,0.0,0.0,0.0,0.0,,,0.0,16.295406271815835,,0.0,9.398907103825136,72.68093736694749,110.70908536390291,32.61070754732639,0.3424717876667147,38.86902235427219,-0.9915014164305949,,-8.557030147601251,-6.417772610700938,10.6986079148435
A. Javier,UPHSD,9.0,3.0,2.3111111111000002,-0.047708814604222875,-3.01096884927149,-0.03845770991464541,-0.061334015584363716,0.022876305669718308,0.3333333333333333,-0.1333333333333333,0.0,0.0,0.0,0.0,7.55262474016105,0.0,14.376700470017177,16.0185819838506,49.40501487486566,40.0,16.0185819838506,40.0,1.0,0.5,-10.079934881722371,20.089054273664857,,0.0,8.70967741935484,28.081791441967795,79.18364985090115,12.473139266248271,0.8571767630070565,20.99535450403735,0.0,0.047619047619047616,-4.565067953148085,-3.423800964861064,4.161833221809382
J. Barroga,SSCR,8.7,10.0,5.19166666666,-0.0026051460610344804,10.71913944945067,0.03997783838177857,0.04919541594314934,-0.009217577561370774,1.8,0.9699999999999998,48.07692307692307,42.857142857142854,0.9615384615384615,0.42857142857142855,13.017480112199879,12.488154866673678,13.694690060233398,1.885978666609035,5.786079695807679,15.015015015015015,2.8289679999135524,22.52252252252252,0.6666666666666666,0.6666666666666666,-2.9910730269825563,9.012532336733699,,45.21338512252628,8.48780487804878,99.08170727512223,106.60641889048199,48.13689421011403,0.4852996627562925,50.36181754478492,0.5093378607809848,0.4161358043205629,0.5954023104177272,0.4465517328132954,10.60457382371124
R. Movida,UPHSD,8.4,5.0,2.5533333333400003,0.0022547222061555417,11.174986289897713,0.030907098234209514,0.0311856828574758,-0.0002785846232662881,0.6,0.48,50.0,50.0,1.0,0.0,0.0,0.0,0.0,8.699386560355629,30.988121220105473,50.0,0.0,0.0,inf,,10.948441020275189,7.273321651681969,,0.0,8.129032258064516,133.03661762671865,105.38903123100545,63.93706794145234,0.270925801419193,45.0,0.22918258212375858,0.10854795509308464,-2.3290672604788547,-1.746800445359141,4.598025357590823
C. Cruz,SSCR,8.25,8.0,4.827083333325,-0.0001691314462003217,10.811196697275877,0.06792136868832369,0.10325336158418155,-0.03533199289585787,1.375,0.8500000000000001,54.71380471380471,54.54545454545454,1.0942760942760943,0.18181818181818182,6.731093016420529,4.796917493027402,9.20564513112773,0.0,0.0,0.0,0.0,0.0,,,0.0,12.715951621971502,,0.0,8.048780487804878,121.16867322408925,112.37764444868284,52.734704592097046,0.3500993715969055,50.50483804406002,0.22637238256932654,0.2876240645017732,-0.059151428323682836,-0.04436357124276213,9.859870605749629
F. Chuidian,SSCR,8.0,2.0,1.7416666667,-0.02996649589402634,-6.471671793064161,-0.02278609005530587,-0.017918197407608485,-0.004867892647697385,-0.5,-0.2,56.81818181818182,0.0,1.1363636363636365,0.0,0.0,0.0,0.0,0.0,0.0,0.0,14.054601785567376,53.191489361702125,0.0,0.0,-26.747920991943676,22.308482200830976,,0.0,7.804878048780488,52.55908002241127,116.15423822328098,31.53544801344677,0.2616265554216926,21.486349553608157,-0.056593095642331635,,-20.882622844851912,-15.661967133638935,3.5575536584284326
J. Dela Cruz,AU,7.8,5.0,2.3333333333399997,-0.1009897076034751,-6.579083909920428,-0.05793499236170314,-0.055573049843250226,-0.0023619425184529135,-0.2,-0.32,22.52252252252252,25.0,0.4504504504504504,0.25,4.457435147959497,0.0,9.611344537787666,4.281010255603182,13.733583489636422,15.527950310559005,4.2810102556031815,15.527950310559005,1.0,0.0,-2.738052561596388,19.8810555619337,,0.0,7.672131147540983,47.451502158019245,106.78846808019338,23.389487519102182,0.35787774148171386,37.679747436099206,-0.19206145966709348,,-13.24635216930619,-9.934764126979642,4.671794461090834
V. Suico,SSCR,7.666666666666667,3.0,7.233333333333333,-0.2378132962165692,-11.207867529737516,-0.11873378585919785,-0.103206029635889,-0.015527756223308844,-0.6666666666666666,-1.6666666666666667,37.59398496240601,25.0,0.7518796992481203,0.75,4.791380190174944,0.0,10.921392610745585,0.0,0.0,0.0,9.024306523010138,42.91845493562232,0.0,0.0,-17.174548348458433,17.75265806704346,,0.0,7.479674796747967,44.23390216002829,110.81722329666943,22.880234881139323,0.3866547603884067,43.99392336924747,-0.5093378607809848,,-15.661711387071604,-11.746283540303702,14.774911844290813
J. Lintol,SSCR,7.5,12.0,4.293055555541667,-0.03781388540442792,9.344634558463682,-0.015098729263967846,0.029519833094885796,-0.04461856235885364,1.0833333333333333,0.6833333333333332,46.829971181556196,46.15384615384615,0.9365994236311239,0.15384615384615385,9.082075876520808,10.787244740887667,6.900511086656464,0.0,0.0,0.0,2.850933458346137,17.772511848341228,0.0,0.0,-5.425734863255877,13.543530725392959,,91.12888686958537,7.317073170731707,91.65019553150253,111.99538284675047,45.47837401749392,0.359054467764802,47.213946352821765,0.3395585738539898,0.3260154781915736,-7.489982099859307,-5.61748657489448,8.769057701719499
C. Ferrer,JRU,7.090909090909091,11.0,4.0303030303,-0.17934266648891664,2.6889001584287184,-0.03384578208393138,0.0009197523758656902,-0.03476553445979707,0.45454545454545453,0.15454545454545465,38.81987577639751,37.5,0.7763975155279502,0.16666666666666666,3.8052018518677624,0.0,7.961079168515495,2.312889375441202,7.826086956528545,12.594458438287154,1.156444687720601,6.297229219143577,2.0,0.0,0.751967312934146,13.301536853529969,,0.0,7.090909090909091,85.50413333113424,111.20458567009767,39.46819525690016,0.3413166480974188,42.21088882806985,-0.06693440428380187,0.15922388213724334,-5.5800095866869315,-4.185007190015199,7.861084224294063
K. Ramilo,SSCR,6.333333333333333,6.0,4.008333333333334,-0.022566838300203507,8.933956549546402,0.020475246184947164,0.04708168719274267,-0.02660644100779551,0.8333333333333334,0.5666666666666665,56.25,56.25,1.125,0.0,2.1615997947358894,0.0,4.927114753704349,2.0356283944835756,6.9434643935758835,10.0,2.0356283944835756,10.0,1.0,0.0,-1.2913641689589328,15.468016919746896,,0.0,6.178861788617886,106.78451670998157,113.87528634224044,36.28359796089976,0.3150146884530008,46.991092901379105,0.11318619128466327,0.15922388213724334,-2.9414158881940846,-2.2060619161455635,8.187479950580508
X. Estacio,AU,5.714285714285714,7.0,3.7904761904857147,-0.08294778484026594,4.536392681086095,0.002794590250268847,-0.015214454405311117,0.018009044655579964,0.7142857142857143,0.24285714285714288,38.659793814432994,33.33333333333333,0.7731958762886598,0.6666666666666666,9.799637574034934,3.6549999600454615,16.90437481521026,0.0,0.0,0.0,1.8823537556050625,11.415525114155251,0.0,1.0,-3.61175275085075,14.076660035681561,,0.0,5.620608899297424,78.6948107421005,99.94794736646512,41.79679713301684,0.5151762149806614,48.59374488644116,-0.03201024327784891,0.15922388213724334,0.7135121886200856,0.5351341414650642,7.589282430667394
J. Espiritu,AU,3.0,7.0,2.3380952380714284,-0.07769407529339052,1.278344724563836,-0.017637636559382237,-0.01825623790620685,0.0006186013468246153,0.42857142857142855,-6.344131569286608e-17,30.0,30.0,0.6,0.0,6.354795526705371,0.0,13.702527854458454,9.154909915360404,28.254839091836836,33.33333333333333,3.0516366384534677,11.11111111111111,3.0,0.0,5.855305885363946,15.630696912290798,,0.0,2.9508196721311473,74.50831794573298,104.92345035645316,28.06086828179435,0.40076401480357726,36.23709084038663,-0.06402048655569782,0.10854795509308464,-3.3271382697585246,-2.4953537023188934,4.681328735440177
R. Postanes,EAC,2.25,4.0,3.0375,-0.07118140077333,-0.955688522995335,-0.032975168502182475,-0.05091238655101692,0.017937218048834438,-0.25,-0.07500000000000004,18.11594202898551,0.0,0.3623188405797102,4.0,7.888389756262718,7.7374471902111015,8.045338687399433,0.0,0.0,0.0,4.155613407726589,26.595744680851062,0.0,1.0,-8.034707480180924,12.963207045189385,,0.0,2.230088495575221,40.14690599028022,93.84365860014756,24.86348467294757,0.5704795620137492,85.50858608611057,-0.1941747572815534,,-4.090573588536673,-3.0679301914025046,6.015959028700109
K. Thompson,UPHSD,0.0,1.0,0.2,-0.022502935972219248,-215.33450652080344,-0.020064573802835637,-0.02006020955286281,-4.364249972828627e-06,-1.0,-0.7,0.0,0.0,0.0,0.0,0.0,0.0,0.0,0.0,0.0,0.0,0.0,0.0,,,0.0,232.14018271678893,,0.0,0.0,0.0,105.38903123100545,0.0,0.270925801419193,25.0,-0.07639419404125286,,-208.18005612170523,-156.13504209127893,0.3601586441967742
B. Manuel,UPHSD,0.0,1.0,3.6166666667,-0.06232146066766933,-23.815797955998388,-0.040199339292735,-0.04012041910572562,-7.892018700937838e-05,-2.0,-1.4,0.0,0.0,0.0,0.0,0.0,0.0,0.0,0.0,0.0,0.0,0.0,0.0,,,0.0,25.674490254154776,,0.0,0.0,0.0,105.38903123100545,0.0,0.270925801419193,25.0,-0.15278838808250572,,-25.384829165892654,-19.03862187441949,6.512868815951694
J. Thompson,UPHSD,0.0,1.0,2.3,-0.012381094527363185,0.0,-5.018887468752921e-05,0.0,-5.018887468752921e-05,0.0,0.0,0.0,0.0,0.0,0.0,0.0,0.0,0.0,0.0,0.0,,0.0,,,,0.0,0.0,,0.0,0.0,,105.38903123100545,,0.27092580141919304,25.0,0.0,0.0,-8.42364,-6.317730000000001,4.141824408262903
